150 4 3
0.029214 0.187755 -0.250200 -0.316993 
1 0 0 
0.124444 0.140995 0.044503 0.014447 
0 1 0 
0.559482 0.449550 0.525999 0.473007 
0 0 1 
0.737736 0.645552 0.737830 0.575092 
0 0 1 
0.170528 0.228335 0.133665 0.156568 
0 1 0 
0.000478 0.118537 -0.255560 -0.310362 
1 0 0 
0.098157 0.453906 -0.222485 -0.284928 
1 0 0 
0.581190 0.383604 0.580522 0.427977 
0 0 1 
0.038265 0.223898 -0.250205 -0.330535 
1 0 0 
0.665257 0.618005 0.639445 0.641349 
0 0 1 
0.033370 0.246977 -0.265872 -0.307731 
1 0 0 
0.765506 0.823078 0.788147 0.726111 
0 0 1 
0.510019 0.517472 0.531517 0.542265 
0 0 1 
0.004590 0.218169 -0.253866 -0.240611 
1 0 0 
-0.060859 0.245822 -0.342691 -0.314331 
1 0 0 
0.057377 0.271649 -0.253609 -0.285374 
1 0 0 
0.436173 0.243947 0.306032 0.197306 
0 1 0 
0.414381 0.424065 0.306357 0.226136 
0 1 0 
0.044083 0.378903 -0.285659 -0.255416 
1 0 0 
0.380631 0.330646 0.385988 0.288530 
0 1 0 
-0.206481 0.185833 -0.399774 -0.416111 
1 0 0 
0.095315 0.443789 -0.269838 -0.300656 
1 0 0 
0.051691 0.282527 -0.328152 -0.325201 
1 0 0 
0.499648 0.487742 0.511590 0.654683 
0 0 1 
0.346850 0.301972 0.243881 0.171237 
0 1 0 
0.338080 0.276268 0.225564 0.119577 
0 1 0 
-0.136995 0.051184 -0.343169 -0.360547 
1 0 0 
-0.013782 0.195292 -0.293281 -0.329729 
1 0 0 
0.905331 0.866276 0.883523 0.742471 
0 0 1 
0.480402 0.449414 0.343151 0.263062 
0 1 0 
0.843208 0.821296 0.823362 0.573609 
0 0 1 
0.149993 0.048818 0.082309 0.022241 
0 1 0 
0.311237 0.413585 0.308099 0.257236 
0 1 0 
0.073749 0.358904 -0.227567 -0.152155 
1 0 0 
0.354645 0.431391 0.268674 0.199827 
0 1 0 
0.387492 0.344995 0.243811 0.162623 
0 1 0 
0.334658 0.135960 0.248120 0.214574 
0 1 0 
0.280138 0.323198 0.185144 0.168192 
0 1 0 
0.004752 0.034655 -0.271533 -0.257428 
1 0 0 
0.566939 0.576273 0.494395 0.503879 
0 0 1 
0.446865 0.327800 0.319791 0.202260 
0 1 0 
0.647901 0.676208 0.626386 0.671159 
0 0 1 
0.776081 0.554730 0.774021 0.536199 
0 0 1 
0.753749 0.453430 0.776645 0.634947 
0 0 1 
0.070570 0.312622 -0.247167 -0.294127 
1 0 0 
0.097935 0.339232 -0.245131 -0.281610 
1 0 0 
0.748032 0.763275 0.743807 0.596990 
0 0 1 
0.213678 0.236434 0.200885 0.111445 
0 1 0 
-0.128363 0.108291 -0.313388 -0.300308 
1 0 0 
0.389437 0.523167 0.311928 0.294370 
0 1 0 
0.417109 0.375732 0.261215 0.199516 
0 1 0 
-0.144973 0.004800 -0.310181 -0.332008 
1 0 0 
-0.028164 0.208547 -0.216396 -0.311531 
1 0 0 
0.302524 0.268282 0.177017 0.109319 
0 1 0 
0.601151 0.594903 0.583523 0.492813 
0 0 1 
0.040591 0.302184 -0.248219 -0.283819 
1 0 0 
-0.034146 0.216160 -0.274094 -0.267541 
1 0 0 
-0.112004 -0.007571 -0.321471 -0.341057 
1 0 0 
0.382204 0.358602 0.223145 0.172332 
0 1 0 
-0.087673 0.142867 -0.316759 -0.337354 
1 0 0 
0.074368 0.242813 -0.259351 -0.234519 
1 0 0 
0.867750 0.604820 0.805562 0.632524 
0 0 1 
0.746102 0.603060 0.724926 0.430649 
0 0 1 
0.351478 0.326490 0.218237 0.148959 
0 1 0 
0.042089 0.239416 -0.294108 -0.298520 
1 0 0 
0.358552 0.362971 0.287031 0.242473 
0 1 0 
0.179538 0.096763 0.124842 0.105690 
0 1 0 
0.492742 0.559542 0.570103 0.640098 
0 0 1 
0.306861 0.406203 0.296507 0.322720 
0 1 0 
0.773257 0.521468 0.789148 0.545597 
0 0 1 
0.439754 0.384655 0.351281 0.307875 
0 1 0 
-0.132554 0.042687 -0.333598 -0.339820 
1 0 0 
0.265004 0.314869 0.181323 0.195938 
0 1 0 
0.885278 0.796304 0.869435 0.715290 
0 0 1 
0.784770 0.740080 0.777366 0.524184 
0 0 1 
0.326184 0.288623 0.153888 0.073887 
0 1 0 
0.062370 0.344291 -0.272969 -0.258705 
1 0 0 
0.507274 0.467698 0.529383 0.411279 
0 0 1 
0.346623 0.304571 0.258474 0.202342 
0 1 0 
0.348683 0.318152 0.208440 0.130998 
0 1 0 
0.595146 0.548875 0.574921 0.456750 
0 0 1 
0.680770 0.630067 0.744003 0.645455 
0 0 1 
0.299012 0.296967 0.256998 0.166850 
0 1 0 
0.660278 0.660629 0.686946 0.586231 
0 0 1 
0.549753 0.352135 0.536659 0.364415 
0 0 1 
0.057249 0.238964 -0.251392 -0.251897 
1 0 0 
-0.019815 0.185856 -0.249028 -0.305412 
1 0 0 
0.536710 0.498220 0.561412 0.551623 
0 0 1 
0.672944 0.634313 0.672058 0.408963 
0 0 1 
0.467428 0.442246 0.327527 0.221511 
0 1 0 
0.889326 0.830353 0.870652 0.787497 
0 0 1 
0.904253 0.877038 0.884357 0.786163 
0 0 1 
0.396767 0.343121 0.269504 0.175561 
0 1 0 
0.251705 0.337138 0.240659 0.209431 
0 1 0 
0.281974 0.109463 0.157595 0.027458 
0 1 0 
0.336448 0.341495 0.153067 0.155392 
0 1 0 
0.608889 0.538417 0.564665 0.489818 
0 0 1 
0.292204 0.372240 0.232209 0.217039 
0 1 0 
0.397030 0.459751 0.306720 0.182421 
0 1 0 
0.652393 0.579857 0.753525 0.377165 
0 0 1 
0.280775 0.263010 0.189753 0.040920 
0 1 0 
0.859352 0.701195 0.835422 0.688133 
0 0 1 
0.902972 0.755260 0.844867 0.672453 
0 0 1 
0.578022 0.596845 0.543178 0.624380 
0 0 1 
0.011727 0.284451 -0.311426 -0.253918 
1 0 0 
0.726924 0.638986 0.735980 0.486815 
0 0 1 
0.350861 0.334678 0.316687 0.170559 
0 1 0 
0.606252 0.499194 0.565045 0.480338 
0 0 1 
0.842854 0.753766 0.807505 0.739118 
0 0 1 
-0.019415 0.202670 -0.276004 -0.295259 
1 0 0 
0.613628 0.532281 0.557757 0.544854 
0 0 1 
0.336132 0.306041 0.191028 0.154636 
0 1 0 
0.090136 0.443194 -0.184800 -0.219020 
1 0 0 
0.037619 0.228364 -0.277958 -0.306570 
1 0 0 
0.004653 0.179836 -0.245571 -0.210278 
1 0 0 
0.107846 0.323390 -0.279045 -0.297380 
1 0 0 
0.305931 0.240143 0.198041 0.110297 
0 1 0 
0.130691 0.438575 -0.233015 -0.282713 
1 0 0 
-0.003377 0.264144 -0.275817 -0.247226 
1 0 0 
0.894935 0.747145 0.835028 0.776053 
0 0 1 
-0.079556 0.054556 -0.294920 -0.365084 
1 0 0 
-0.079328 0.046717 -0.303627 -0.361602 
1 0 0 
0.265466 0.218364 0.169809 0.080344 
0 1 0 
0.649736 0.484429 0.643852 0.424833 
0 0 1 
0.733751 0.715351 0.671248 0.527101 
0 0 1 
0.865336 0.749167 0.770859 0.632887 
0 0 1 
0.401391 0.437935 0.310275 0.219040 
0 1 0 
0.307271 0.231938 0.210575 0.177005 
0 1 0 
0.677308 0.502600 0.675789 0.521099 
0 0 1 
0.380402 0.376893 0.303161 0.214231 
0 1 0 
-0.003887 0.274993 -0.270098 -0.290445 
1 0 0 
-0.003598 0.166865 -0.247339 -0.304256 
1 0 0 
0.310203 0.243924 0.187632 0.078267 
0 1 0 
0.025745 0.208089 -0.254614 -0.333804 
1 0 0 
-0.020849 0.195113 -0.296255 -0.286715 
1 0 0 
0.435839 0.406760 0.451771 0.438597 
0 0 1 
-0.083344 0.132528 -0.277944 -0.328518 
1 0 0 
0.242103 0.301525 0.110366 0.135377 
0 1 0 
-0.011998 0.277240 -0.279223 -0.284036 
1 0 0 
0.642681 0.546587 0.690700 0.598678 
0 0 1 
-0.075132 0.113270 -0.298124 -0.333227 
1 0 0 
0.876492 0.758356 0.733209 0.708623 
0 0 1 
-0.140915 0.024774 -0.304708 -0.338586 
1 0 0 
0.345753 0.314379 0.294584 0.125876 
0 1 0 
0.349934 0.375655 0.393519 0.387540 
0 0 1 
0.054076 0.414182 -0.257744 -0.335945 
1 0 0 
0.365544 0.231617 0.317798 0.225839 
0 1 0 
0.600616 0.489566 0.565608 0.510522 
0 0 1 
0.429110 0.443699 0.347815 0.241497 
0 1 0 
0.483022 0.405284 0.493775 0.514117 
0 0 1 
