277 9 1
0.608622 0.221548 0.381595 0.221432 -0.069439 0.665414 -0.108813 0.171153 0.745011 
1.000000
0.115672 0.374799 0.067212 -0.059432 -0.123295 0.102584 -0.219393 0.530082 -0.134820 
0.000000
0.188990 0.562944 0.151715 -0.035175 -0.077870 -0.164314 0.551076 0.156306 -0.082535 
1.000000
0.179442 -0.085870 -0.282117 -0.060669 -0.141589 0.049012 0.413273 0.247990 -0.154445 
0.000000
0.522572 0.531205 0.312070 -0.035475 -0.082449 -0.185573 -0.139508 0.137485 -0.087300 
0.000000
0.162223 -0.475242 -0.101434 -0.060859 -0.144601 0.041994 -0.270954 0.006288 -0.157672 
0.000000
0.244068 -0.030064 0.044318 -0.059832 -0.128985 0.480762 0.442435 -0.182326 -0.140929 
0.000000
0.268666 0.476007 0.169294 0.079360 -0.096613 0.175973 0.510859 -0.116793 -0.105613 
0.000000
0.367626 -0.057962 0.025876 -0.060263 -0.135343 0.064213 -0.249053 -0.202355 -0.147750 
0.000000
0.656381 0.110731 0.370424 0.206660 0.738234 0.183373 0.517595 0.351740 -0.101844 
0.000000
0.342295 -0.082908 -0.088712 -0.060614 -0.140740 -0.347775 0.415349 -0.216910 -0.153535 
0.000000
0.263859 0.472689 0.357614 0.078928 0.734129 0.173596 0.508458 0.115642 -0.106781 
0.000000
0.106949 0.365368 0.249517 -0.059565 -0.125163 -0.303433 -0.223691 0.290907 -0.136827 
0.000000
0.442999 0.465173 0.349828 -0.045180 -0.098885 -0.228103 -0.172054 0.809262 -0.108597 
0.000000
0.852492 0.265945 0.653740 -0.015254 0.775937 0.311177 0.583530 0.426368 0.757632 
1.000000
0.198967 0.571028 0.350076 0.088932 0.755124 0.639362 -0.122295 0.161142 0.736322 
1.000000
0.272366 0.102078 0.553859 0.576295 0.735798 0.178343 0.513248 -0.115951 0.712119 
0.000000
0.516046 0.526026 0.023272 0.088112 -0.083706 -0.188113 0.535935 -0.099273 -0.089164 
0.000000
0.129920 -0.128282 -0.219393 -0.061297 -0.151730 -0.370222 -0.287458 -0.244370 -0.165304 
0.000000
0.625293 0.084589 0.536581 0.078022 -0.099990 0.167294 0.502779 -0.124062 0.707328 
0.000000
-0.098443 0.246420 -0.083766 -0.062182 -0.167058 -0.023956 -0.319998 -0.040323 -0.181693 
0.000000
0.036907 0.307403 -0.176875 -0.060452 -0.138223 -0.343058 0.421518 -0.207437 -0.150838 
0.000000
0.127711 -0.129825 -0.220158 -0.061324 -0.152187 -0.370755 0.388308 -0.244576 -0.165793 
0.000000
0.316386 0.515605 0.108103 0.457743 -0.086253 0.601483 0.532254 0.595531 0.724719 
0.000000
0.135580 -0.122821 -0.120994 -0.061215 -0.150367 -0.366896 0.391907 0.691945 -0.163845 
0.000000
0.120605 0.381445 0.071278 -0.059352 -0.122188 0.105587 -0.216212 -0.166746 -0.133631 
0.000000
0.123290 0.243470 -0.126520 -0.061379 -0.153105 0.024230 0.386099 -0.013003 -0.166775 
0.000000
-0.048021 0.231579 0.052348 -0.061544 -0.155893 0.014887 -0.297863 -0.249473 -0.169758 
0.000000
0.090786 0.484684 0.177138 0.082203 0.737163 0.181886 0.516021 -0.115658 0.714121 
0.000000
0.490148 -0.088841 0.383495 -0.060723 -0.142443 -0.350654 0.410393 0.243741 -0.155360 
0.000000
0.306034 0.030285 -0.002390 -0.058955 -0.116798 0.119546 0.475807 0.312819 -0.127838 
0.000000
0.678356 0.274477 0.901551 0.950552 0.779944 0.719216 -0.090013 0.666051 0.760816 
1.000000
0.060971 -0.293898 0.058162 -0.046026 -0.100291 0.563885 0.501560 -0.124166 -0.110106 
0.000000
0.224956 -0.042236 -0.155696 -0.060047 -0.132126 0.073210 0.434606 0.043234 -0.144299 
0.000000
0.461883 0.481390 -0.016461 -0.041862 -0.095240 0.179526 0.514438 -0.115853 -0.104141 
0.000000
0.117317 0.377018 -0.122394 -0.059405 -0.122925 0.103875 0.458405 0.065605 -0.134423 
0.000000
0.470367 0.034250 -0.092274 -0.058875 -0.115749 -0.275317 0.478856 0.081863 -0.126710 
0.000000
0.461460 0.028960 0.091744 -0.058981 -0.117150 -0.279514 -0.201948 0.078764 -0.128217 
0.000000
0.221126 0.331298 0.127388 -0.060101 -0.132923 0.070536 -0.244640 0.039680 -0.145154 
0.000000
0.297754 0.499818 0.190227 -0.039308 -0.090156 0.590222 0.523437 0.123643 0.718957 
0.000000
0.020530 0.432640 0.119064 0.070529 -0.109002 0.137992 0.488791 0.790806 -0.119992 
0.000000
0.025101 0.439049 0.505311 -0.052643 -0.108023 0.141707 -0.185519 0.095843 0.699254 
0.000000
0.118962 0.379233 0.260262 -0.059378 -0.122556 -0.293493 0.459729 -0.166887 -0.134026 
0.000000
0.247138 0.609578 0.297870 0.104147 0.766347 0.279282 -0.105402 0.176672 -0.067950 
1.000000
0.215614 -0.051939 -0.162225 -0.060182 -0.134128 -0.330410 -0.246443 0.035307 -0.146447 
0.000000
0.255947 0.358119 -0.138159 -0.059672 -0.126678 -0.307793 -0.227482 0.054449 -0.138453 
0.000000
0.387856 0.194892 0.256197 0.089340 -0.075972 0.641321 0.555265 0.161849 0.737100 
1.000000
0.830301 0.249688 0.513617 0.106987 -0.060862 0.293189 0.578562 0.416265 -0.063642 
1.000000
0.239047 -0.644899 -0.258199 -0.061904 -0.162108 -0.403260 -0.309925 0.205903 -0.176404 
0.000000
0.658586 0.261228 0.648406 0.378613 0.774414 0.704248 -0.096010 0.656960 -0.060549 
1.000000
0.049914 0.317829 0.119674 -0.060290 -0.135751 0.062864 0.426808 -0.202525 -0.148187 
0.000000
0.097134 -0.158506 0.135399 -0.061710 -0.158731 -0.391453 0.372602 0.212586 -0.172793 
0.000000
0.002498 0.278581 -0.007334 -0.060887 -0.145037 -0.357178 0.404852 0.005451 -0.158138 
0.000000
0.445409 0.089182 0.351776 -0.045160 -0.098588 -0.227774 0.505628 0.811949 -0.108276 
0.000000
0.269432 -0.006883 0.254526 -0.059485 -0.124039 0.497785 0.455207 0.060652 -0.135619 
0.000000
0.251191 -0.022758 0.145250 -0.059725 -0.127442 0.088242 0.447079 -0.179132 -0.139274 
0.000000
0.078796 -0.202466 0.026530 -0.061932 -0.162597 -0.006051 -0.310684 -0.028242 -0.176926 
0.000000
0.219354 -0.250415 -0.181452 -0.062154 -0.166556 -0.022132 0.358046 -0.286716 -0.181157 
0.000000
0.396352 -0.032882 0.138007 -0.059886 -0.129763 0.080325 0.440492 0.048059 -0.141764 
0.000000
-0.080977 0.239072 -0.451031 -0.061959 -0.163086 0.390290 -0.311446 0.668789 -0.177449 
0.000000
-0.281545 0.302773 0.296533 -0.060506 -0.139057 0.053743 0.419472 0.255537 -0.151731 
0.000000
0.296807 0.647882 0.542177 0.382112 0.777949 0.713670 -0.091471 0.865540 0.759231 
1.000000
0.437732 0.613371 0.873620 -0.019470 -0.064589 0.282220 0.572375 0.177413 0.749559 
1.000000
0.759102 0.191839 0.253303 -0.035112 -0.076939 0.637401 0.553876 0.160435 -0.081026 
1.000000
0.363299 -0.061707 -0.167516 -0.060317 -0.136160 -0.336277 -0.251068 0.029936 -0.148626 
0.000000
0.214108 0.441180 0.316932 -0.052619 -0.107698 0.142943 -0.185066 0.563162 -0.116968 
0.000000
0.109768 -0.008259 0.062207 -0.059512 -0.124413 0.495620 -0.222598 0.059860 -0.136021 
0.000000
0.550329 0.554531 0.333034 -0.035269 -0.079288 -0.170965 0.546029 -0.080606 -0.084011 
1.000000
0.380383 0.419295 0.199235 -0.057201 0.718476 0.127514 -0.194113 -0.146394 -0.124682 
0.000000
0.301415 0.503910 0.480232 -0.039273 0.742722 0.594277 0.525765 0.124472 0.720613 
0.000000
0.210881 0.436916 -0.163458 -0.052666 -0.108348 -0.257320 -0.185974 0.095081 0.698364 
0.000000
0.223846 -0.217695 -0.173482 -0.062098 -0.165557 -0.018492 -0.316080 -0.034752 -0.180090 
0.000000
0.596206 0.068620 -0.059117 -0.051764 -0.105723 -0.252019 -0.183712 -0.133105 -0.115936 
0.000000
0.587113 0.580150 0.839584 0.340214 0.757997 0.250681 0.559893 -0.067906 -0.077227 
1.000000
0.441080 0.009977 0.268172 -0.059272 -0.121090 -0.288349 0.464208 -0.163744 -0.132452 
0.000000
0.601071 0.072010 0.612852 0.196337 0.726743 0.546885 -0.182814 0.800880 -0.114714 
0.000000
0.217772 -0.050503 -0.161480 -0.060155 -0.133725 0.068723 -0.245841 0.036120 -0.146015 
0.000000
0.342516 0.536363 0.602736 -0.035428 -0.081709 -0.182179 -0.137700 0.139662 -0.086530 
1.000000
0.092080 0.486752 0.082975 -0.041414 -0.093880 -0.215594 -0.160058 0.117718 -0.102145 
0.000000
0.100068 0.360360 0.244503 -0.059645 -0.126298 0.091307 0.450336 0.521803 -0.138045 
0.000000
0.507690 0.141569 0.397163 0.211291 0.746097 0.205983 -0.143513 0.131084 -0.090768 
0.000000
0.304125 -0.113487 -0.305022 -0.061078 -0.148122 -0.362536 -0.280315 0.698112 -0.161443 
0.000000
0.133523 0.394307 -0.107724 -0.059166 -0.119642 -0.285827 0.468644 -0.159968 -0.130896 
0.000000
0.425546 0.601758 0.479948 0.470688 0.763315 0.669252 -0.107493 -0.060085 0.745974 
1.000000
0.771918 0.200973 0.741256 -0.031883 -0.074057 -0.148189 0.558814 0.397302 0.739113 
1.000000
0.556993 -0.031472 -0.337723 -0.059859 -0.129373 -0.317009 -0.235402 0.515418 -0.141346 
0.000000
0.339636 -0.084388 0.195730 -0.060642 -0.141164 -0.348276 -0.262555 -0.217092 -0.153989 
0.000000
0.463500 0.632711 0.640028 0.110153 0.772704 0.299842 -0.096955 0.420302 -0.062358 
1.000000
0.411344 -0.021362 0.051442 -0.059698 -0.127060 0.089554 0.448431 -0.178981 -0.138863 
0.000000
0.414601 0.594736 0.282583 0.094620 0.760748 0.262712 0.566855 0.401688 0.743285 
1.000000
0.855302 0.266947 0.656018 0.182279 0.776609 0.312169 -0.092713 0.894251 0.758347 
1.000000
0.425533 0.079171 0.242256 0.569710 0.729313 0.555587 0.498244 -0.125880 -0.111961 
0.000000
0.667775 0.118478 -0.003051 -0.039736 -0.090699 0.189233 -0.155372 0.122811 -0.099276 
0.000000
0.443487 0.618193 0.618644 -0.019444 0.767823 0.683973 0.574716 0.411477 -0.066418 
1.000000
0.131887 0.392112 0.081888 -0.059193 -0.120003 0.111552 0.467341 -0.160103 -0.131283 
0.000000
0.197067 0.423607 0.394130 0.316109 0.720164 0.130024 0.484886 0.320411 0.693701 
0.000000
0.305070 0.507992 0.197659 0.208817 -0.088072 0.197932 0.528081 0.125946 0.722259 
0.000000
0.389626 0.574077 0.448450 0.585857 0.756088 0.643276 -0.120909 0.162555 -0.079234 
1.000000
0.000787 0.276228 -0.008716 -0.060914 -0.145474 -0.357692 0.403394 0.237245 -0.158606 
0.000000
0.195166 0.421453 0.391852 0.314907 0.719321 0.128770 0.483623 -0.146270 0.692794 
0.000000
0.308141 0.031609 0.476051 -0.058928 -0.116447 0.519470 -0.200173 -0.152318 -0.127461 
0.000000
0.487003 -0.090329 0.380869 -0.060750 -0.142872 -0.351159 0.408948 -0.223004 -0.155820 
0.000000
0.299585 0.501865 0.477983 -0.039291 0.741947 0.592251 0.524603 -0.108898 0.719786 
0.000000
0.288764 0.493303 0.375308 -0.039772 -0.091247 0.186894 0.520336 0.353965 0.716704 
0.000000
-0.183902 0.251344 0.163297 -0.061269 -0.151274 0.028968 -0.286755 -0.244164 -0.164816 
0.000000
0.385124 -0.040813 -0.154953 -0.060020 -0.131729 -0.324114 -0.241274 -0.189239 -0.143874 
0.000000
0.271965 -0.141683 0.055447 -0.061489 -0.154958 0.415512 0.380853 -0.248407 -0.168758 
0.000000
0.445219 0.620079 0.620937 0.228619 0.768520 0.685868 0.575756 -0.053743 -0.066222 
1.000000
0.140058 0.024121 0.088636 -0.059060 -0.118212 0.514857 -0.204229 -0.157495 -0.129358 
0.000000
-0.101615 0.323860 -0.258140 -0.060209 -0.134532 0.066905 -0.247047 0.499759 -0.146880 
0.000000
0.419204 0.597721 0.189664 0.591541 0.761677 0.663490 -0.109080 0.170454 -0.072311 
1.000000
0.232373 -0.037974 -0.057675 -0.059966 -0.130939 0.076341 0.437956 0.045004 -0.143026 
0.000000
0.135158 0.396498 0.370408 -0.059140 -0.119283 0.113242 0.469943 0.306725 -0.130510 
0.000000
0.435995 0.611476 0.394627 -0.019479 -0.064784 0.678976 -0.105144 -0.055913 -0.067750 
1.000000
0.483041 0.497767 0.284082 0.084309 -0.090427 0.190400 0.522269 -0.109729 0.718126 
0.000000
0.225730 0.592815 0.566809 -0.029420 -0.071298 0.659440 -0.110677 0.167708 -0.074042 
1.000000
0.312195 0.512396 0.010627 -0.038401 -0.087281 0.200526 0.529958 -0.104481 -0.092938 
0.000000
0.123409 0.385860 0.266195 -0.059299 -0.121455 0.506817 0.462895 0.301383 -0.132844 
0.000000
-0.009226 0.266119 -0.209091 -0.061050 -0.147678 0.036643 -0.279629 -0.232222 -0.160966 
0.000000
0.595253 0.587037 0.371062 0.094175 0.759381 0.655373 -0.113081 0.165602 0.741867 
1.000000
0.107773 0.229161 0.240980 -0.061572 -0.156362 0.013467 0.377877 -0.249683 -0.170260 
0.000000
0.121077 -0.136167 0.348248 -0.061407 -0.153566 0.420614 0.384594 -0.246489 -0.167269 
0.000000
0.630966 0.035569 -0.091552 -0.058849 -0.115401 0.123737 -0.197132 0.782473 -0.126337 
0.000000
0.740336 0.178418 0.621086 -0.035253 -0.079050 0.227938 0.547139 0.152741 -0.083763 
1.000000
0.307517 0.654543 0.879050 -0.029831 -0.061858 0.324242 -0.089573 -0.109251 -0.054884 
1.000000
0.280368 0.635592 0.761861 -0.016455 -0.057764 0.701378 -0.096481 0.189037 -0.061451 
1.000000
0.546201 0.173341 0.234334 -0.035301 -0.079766 0.224596 0.543801 0.848495 -0.084509 
1.000000
0.769051 0.199881 0.643239 0.091738 0.757045 0.647178 0.557732 0.163319 -0.078227 
1.000000
0.354949 0.547465 0.517244 -0.035333 -0.080247 -0.175431 0.542355 -0.085410 -0.085010 
1.000000
-0.049416 0.367599 0.156018 -0.059538 -0.124787 0.095661 -0.223144 0.059068 -0.136423 
0.000000
0.065267 0.333576 0.129068 -0.060074 -0.132524 0.071874 0.433220 0.740325 -0.144726 
0.000000
0.030617 0.298981 -0.181753 -0.060560 -0.139896 -0.345909 0.417415 0.485875 -0.152631 
0.000000
0.423109 -0.299324 0.335785 -0.050450 -0.102828 0.553506 0.497014 -0.125986 -0.112292 
0.000000
0.038597 0.309713 0.110318 -0.060425 -0.137808 -0.342564 0.422932 0.492574 -0.150393 
0.000000
0.133374 -0.124356 -0.407578 -0.061242 -0.150820 0.030366 -0.286054 0.689156 -0.164330 
0.000000
0.712597 0.155123 0.313686 -0.035459 -0.082202 0.612009 0.538095 0.138211 -0.087043 
0.000000
0.276397 -0.137720 0.155271 -0.061434 -0.154028 0.020547 -0.293385 -0.014064 -0.167763 
0.000000
0.604051 0.073276 0.711224 -0.050910 -0.104268 0.150320 0.494894 -0.129541 0.702734 
0.000000
0.301445 -0.115009 0.075204 -0.061105 -0.148569 0.034732 -0.281002 -0.002569 -0.161920 
0.000000
0.161345 0.541501 -0.154713 -0.035380 -0.080975 0.218994 0.540569 0.842316 -0.085766 
1.000000
-0.067568 0.213122 -0.156178 -0.061793 -0.160170 0.001168 -0.306905 -0.023276 -0.174332 
0.000000
0.660850 0.640322 0.532668 -0.015275 -0.056741 0.706113 0.581486 0.192376 0.756738 
1.000000
-0.084495 0.233409 0.499102 -0.062015 -0.164070 -0.011276 -0.313767 -0.032139 -0.178501 
0.000000
0.200863 0.427908 0.303514 0.193700 -0.109990 0.133392 -0.189860 -0.144611 -0.121604 
0.000000
0.150506 -0.109601 0.555519 -0.061023 -0.147234 -0.360628 0.398316 0.234531 -0.160492 
0.000000
0.035215 0.305089 0.107882 -0.060479 -0.138639 -0.343553 -0.256371 0.490285 -0.151284 
0.000000
0.756227 0.190734 0.347180 -0.035127 -0.077170 0.635437 -0.123688 0.624993 0.735302 
1.000000
0.527833 0.534363 0.124339 -0.035443 -0.081955 0.215349 -0.138037 0.138937 -0.086786 
1.000000
0.290601 0.117273 0.281766 -0.039754 -0.090973 0.188064 -0.155753 0.122072 -0.099570 
0.000000
0.640355 0.248662 0.629347 0.106587 -0.061046 0.689961 0.577529 -0.050335 -0.063830 
1.000000
0.409891 0.588966 0.372657 -0.029447 -0.071728 0.258650 0.564457 0.166304 -0.074481 
1.000000
0.308663 0.656379 0.572944 -0.029730 -0.061630 0.723872 -0.089354 -0.108944 0.762387 
1.000000
0.259601 -0.155346 -0.146379 -0.061655 -0.157779 0.009195 -0.302384 -0.018329 -0.171776 
0.000000
0.125501 0.245867 -0.220923 -0.061352 -0.152645 0.424291 -0.289662 -0.012150 -0.166283 
0.000000
-0.151618 0.281579 -0.004884 -0.060832 -0.144167 0.043373 -0.270292 0.473683 -0.157207 
0.000000
0.252441 -0.160090 0.133376 -0.061738 -0.159209 0.403564 -0.305406 -0.021553 -0.173305 
0.000000
0.083748 -0.169746 0.029022 -0.061876 -0.161622 0.394635 -0.309167 0.207414 -0.175884 
0.000000
0.483856 -0.091819 -0.002435 -0.060778 -0.143302 0.443916 -0.268971 -0.223192 -0.156281 
0.000000
0.815991 0.239068 0.879287 -0.019453 -0.064202 0.682077 0.573674 -0.055127 -0.066614 
1.000000
0.579064 0.576024 0.450364 -0.032304 -0.075012 0.645229 0.556648 -0.070019 0.738109 
1.000000
0.177261 -0.087355 -0.377728 -0.060696 -0.142015 -0.350149 0.411835 0.711778 -0.154902 
0.000000
0.356741 0.549448 0.233035 -0.035317 -0.080006 0.223479 -0.133788 0.147941 -0.084759 
1.000000
0.228813 -0.212900 -0.075190 -0.062043 -0.164565 -0.508420 -0.314537 -0.033009 -0.179029 
0.000000
-0.020231 0.256798 -0.215399 -0.061187 -0.149915 0.032289 -0.283868 -0.005106 -0.163362 
0.000000
0.403665 0.065221 0.509854 0.071432 0.724457 0.144176 -0.184613 0.098657 -0.116623 
0.000000
0.440587 0.085839 0.252710 0.078435 0.732143 0.567150 0.503995 -0.123957 -0.108918 
0.000000
0.617344 0.229390 0.484719 0.350222 0.764937 0.674126 -0.105919 0.640549 0.748215 
1.000000
-0.041367 0.237961 0.343594 -0.061462 -0.154492 0.019135 0.382367 -0.014919 -0.168260 
0.000000
0.872817 0.450427 0.574855 -0.029629 -0.061404 -0.071606 0.588126 -0.108638 -0.067037 
1.000000
-0.082735 0.236243 -0.070510 -0.061987 -0.163578 -0.009821 0.364261 -0.264549 -0.177974 
0.000000
0.557336 0.180659 0.243000 -0.035222 -0.078576 0.230159 -0.127911 -0.079757 -0.083270 
1.000000
-0.072032 0.209936 0.126217 -0.061848 -0.161136 0.396945 -0.308411 -0.257634 -0.175365 
0.000000
-0.100212 0.243249 -0.085961 -0.062210 -0.167561 -0.026121 0.355688 0.205396 -0.182231 
0.000000
0.457787 0.250712 0.515529 0.479469 0.771152 0.692863 -0.097670 0.650878 0.753655 
1.000000
0.021871 0.434779 0.502326 0.070945 -0.108674 0.537890 0.490041 0.326951 0.697472 
0.000000
0.152702 -0.108086 0.176850 -0.060996 -0.146792 -0.360109 -0.277474 -0.230540 -0.160018 
0.000000
-0.018508 0.259177 0.167289 -0.061160 -0.149465 -0.364975 -0.283174 -0.004259 -0.162880 
0.000000
0.271560 0.372578 0.161025 -0.059458 -0.123666 0.101290 0.456539 0.528001 -0.135219 
0.000000
0.482771 0.646034 0.540277 0.577907 0.777280 0.711816 0.584775 -0.047277 -0.058050 
1.000000
0.448680 0.623843 0.389484 0.105393 0.769403 0.289259 -0.100222 0.180272 0.751817 
1.000000
0.417752 -0.015488 0.246486 -0.059618 -0.125918 0.092615 -0.225582 -0.175947 -0.137637 
0.000000
0.406102 0.444583 0.130511 0.071848 0.725284 0.145408 -0.184162 0.099416 -0.116279 
0.000000
0.046447 0.454740 0.143493 -0.050472 -0.103138 0.551421 -0.180690 0.804438 -0.112624 
0.000000
-0.019109 0.400024 -0.007882 -0.059087 -0.118568 -0.282865 -0.204730 0.075005 -0.129741 
0.000000
0.318204 0.517632 0.300062 -0.036781 -0.085993 0.204838 -0.143864 -0.102280 0.725531 
0.000000
0.105552 0.226741 0.333819 -0.061600 -0.156833 0.012045 -0.300118 -0.249894 -0.170764 
0.000000
0.860969 0.271641 0.190022 0.383265 0.778616 0.715521 -0.091248 -0.064508 0.759941 
1.000000
0.676104 0.650722 0.780883 0.976984 0.779281 0.717370 0.586237 0.810211 -0.056460 
1.000000
0.446950 0.621962 0.623229 -0.018642 -0.062617 -0.109556 -0.100468 0.179581 0.751083 
1.000000
0.377886 0.564905 0.343659 -0.035159 -0.077636 0.633237 -0.125088 0.390295 -0.082292 
1.000000
0.419360 0.452628 0.332502 0.073140 0.727877 0.151542 -0.181132 0.103847 0.703611 
0.000000
0.367883 0.179540 0.241705 -0.035238 -0.078812 0.229049 0.548246 -0.079824 -0.083516 
1.000000
0.540275 0.545480 0.419839 -0.035348 -0.080489 0.619897 -0.135237 0.379783 -0.085261 
1.000000
0.641051 0.096687 -0.022365 -0.044687 -0.096904 0.174785 0.509660 -0.116892 0.710643 
0.000000
-0.093949 0.223819 -0.473275 -0.062126 -0.166056 -0.020310 0.359616 0.429641 -0.180623 
0.000000
0.360872 0.552556 0.426594 -0.035285 -0.079527 0.624370 0.544916 0.384591 -0.084260 
1.000000
0.684610 0.133127 0.105110 -0.038419 -0.087544 0.199374 -0.147665 -0.104569 0.723355 
0.000000
0.274662 0.630842 0.755386 0.357025 0.772020 0.696623 -0.097193 0.186338 -0.062542 
1.000000
0.840558 0.256491 0.406275 0.978744 0.773387 0.699507 -0.096718 0.188353 0.754935 
1.000000
0.401756 0.582088 0.460817 0.093350 -0.073108 0.251760 0.560969 -0.067849 -0.076999 
1.000000
0.621012 0.082937 0.057147 -0.046047 -0.100593 0.561815 0.500339 -0.124271 0.706136 
0.000000
0.534335 0.539507 0.321080 -0.035396 -0.081219 0.217868 -0.137027 0.374389 -0.086020 
1.000000
0.215847 0.584023 0.462726 0.093756 -0.072888 0.651494 0.562042 -0.067791 0.740337 
1.000000
0.475443 0.642178 0.298535 -0.015265 0.775262 0.707975 0.582509 -0.040223 -0.059653 
1.000000
0.520215 0.151961 0.120115 -0.035491 0.748628 0.211950 -0.139850 0.834656 0.729010 
0.000000
0.002339 0.414971 0.291093 0.189232 0.716777 0.124998 0.480612 0.318625 -0.125964 
0.000000
0.141229 -0.116533 -0.021663 -0.061132 -0.149016 -0.364450 0.394780 -0.003414 -0.162399 
0.000000
0.371999 0.559864 0.148814 -0.035206 -0.078340 0.231267 -0.127598 -0.079690 -0.083024 
1.000000
0.807306 0.230441 0.582101 0.227381 0.765643 0.676034 -0.105660 0.175978 -0.068151 
1.000000
0.092197 0.215561 0.131354 -0.061765 -0.159689 0.401263 -0.306155 -0.022414 -0.173817 
0.000000
0.471654 0.111945 0.181402 0.083435 0.739020 0.184549 0.518775 -0.113430 -0.101543 
0.000000
0.198301 -0.066066 0.016523 -0.060398 -0.137394 0.455243 -0.252918 -0.205151 -0.149949 
0.000000
0.848866 0.452837 0.888580 0.911749 -0.060954 0.727646 -0.121808 0.669768 -0.066547 
1.000000
0.099361 -0.156925 0.328382 -0.061682 -0.158255 0.007767 -0.303125 -0.019188 -0.172284 
0.000000
0.511320 0.522846 0.781702 -0.035948 0.747114 0.208267 0.534450 -0.099440 0.726875 
0.000000
0.076507 0.341529 0.038860 -0.059940 -0.130546 -0.320987 -0.237932 0.512366 -0.142604 
0.000000
0.513684 0.146776 0.498436 -0.035931 -0.083958 0.209406 -0.141673 -0.099356 -0.089428 
0.000000
0.028922 0.296656 0.007834 -0.060587 -0.140317 0.051383 -0.260483 0.716388 -0.153082 
0.000000
0.245750 -0.543793 0.128242 -0.061821 -0.160652 -0.398062 -0.307657 -0.024139 -0.174847 
0.000000
0.251799 0.615264 0.685804 -0.019462 -0.064395 -0.115404 -0.103841 -0.055173 -0.066811 
1.000000
0.680607 0.275468 0.904576 0.952388 0.780604 0.721059 -0.089793 0.666987 0.761521 
1.000000
0.834848 0.251734 0.517439 -0.015065 -0.059992 0.694745 -0.097431 -0.046981 -0.062727 
1.000000
0.003692 0.417135 0.197580 0.190043 0.717628 0.126257 0.481882 -0.146517 0.691517 
0.000000
0.191994 0.566864 0.440745 -0.035143 -0.077403 -0.162111 0.552479 -0.074907 -0.082049 
1.000000
0.212254 0.321569 -0.068236 -0.060236 -0.134937 0.065560 0.428818 0.497652 -0.147314 
0.000000
0.537929 0.543492 0.322746 -0.035364 -0.080732 0.220118 -0.135569 0.378418 -0.085513 
1.000000
0.330737 0.528038 0.023953 -0.035507 -0.083455 0.210815 -0.140192 0.134090 0.728208 
0.000000
0.239621 0.603667 0.481851 0.348240 -0.067807 0.272510 0.570032 -0.060034 0.746723 
1.000000
0.458869 0.027633 -0.004773 -0.059007 -0.117503 -0.279917 -0.202443 0.543253 -0.128596 
0.000000
0.615624 0.080428 0.339377 0.075584 0.730126 0.557666 -0.177791 0.107505 -0.111630 
0.000000
0.469202 0.637454 0.528482 -0.016443 -0.057591 0.304590 -0.096246 0.189720 0.755839 
1.000000
0.294807 0.020601 0.086250 -0.059113 -0.118925 0.114518 0.471239 -0.158407 -0.130125 
0.000000
0.088196 0.349428 0.427606 -0.059805 -0.128597 -0.314366 0.443799 -0.182172 -0.140513 
0.000000
0.411645 0.590892 0.374252 -0.029434 -0.071513 0.259717 0.565522 0.167006 -0.074261 
1.000000
0.285665 0.011329 0.174666 -0.059246 -0.120727 -0.287934 -0.211744 0.069673 -0.132061 
0.000000
-0.328520 0.240072 0.111913 -0.062726 -0.202166 0.471119 -0.476534 -0.043321 -0.223827 
0.000000
-0.068158 0.351681 -0.333633 -0.059779 -0.128211 0.084744 0.445159 0.751097 -0.140099 
0.000000
0.287784 0.012678 -0.014633 -0.059219 -0.120364 -0.287519 0.466036 0.770293 -0.131671 
0.000000
0.780064 0.207870 0.464635 -0.029866 -0.072669 0.653435 0.563113 -0.067734 0.741103 
1.000000
0.190326 -0.076783 -0.371963 -0.060533 -0.139476 -0.345412 -0.258422 0.021435 -0.152180 
0.000000
0.638078 0.247635 0.627058 0.229821 0.770096 0.290282 -0.099977 0.647520 0.752549 
1.000000
0.310247 0.032931 0.287682 -0.058902 -0.116097 -0.275714 0.477578 0.081089 -0.127085 
0.000000
-0.016325 0.403540 -0.100978 -0.059034 -0.117857 -0.280320 0.473531 0.075917 -0.128976 
0.000000
0.387756 -0.039393 -0.058729 -0.059993 -0.131333 0.075010 0.436578 0.044199 -0.143449 
0.000000
0.240814 0.605573 0.197309 0.225400 0.764229 0.672215 -0.106179 0.173295 0.747470 
1.000000
-0.003118 0.271513 0.083376 -0.060968 -0.146351 0.039066 0.400466 0.002933 -0.159546 
0.000000
0.260148 0.468511 0.449204 -0.045140 -0.098292 -0.227447 -0.170425 0.114798 -0.107957 
0.000000
0.068556 0.228621 0.018574 -0.062070 -0.165060 -0.016678 -0.315307 -0.033880 -0.179559 
0.000000
-0.035767 0.383654 0.454557 -0.059325 -0.121821 0.106874 0.461578 0.299952 -0.133237 
0.000000
0.134718 0.520827 0.017170 -0.035964 -0.084973 0.207125 -0.143162 0.598374 -0.090501 
0.000000
0.303243 0.505952 0.291517 -0.039255 -0.088337 -0.201014 0.526924 0.125210 0.721437 
0.000000
0.276611 0.105376 0.366158 -0.041843 -0.094954 0.180706 -0.161636 -0.115756 0.713275 
0.000000
0.249051 -0.024155 0.048407 -0.059752 -0.127826 0.484718 -0.230747 -0.179283 -0.139686 
0.000000
0.156610 0.273872 0.085071 -0.060941 -0.145912 -0.358208 0.401931 -0.229506 -0.159076 
0.000000
0.223851 0.447978 0.609960 -0.051741 -0.105405 0.147001 -0.183262 0.100286 0.701515 
0.000000
0.262004 0.470601 0.260499 -0.045120 -0.097997 0.570195 0.507254 -0.117736 0.709471 
0.000000
0.615851 0.451633 0.885728 0.911448 -0.061178 0.725812 -0.122222 0.668839 -0.066792 
1.000000
0.236190 -0.034294 0.326669 -0.059913 -0.130154 0.476790 -0.237350 -0.185376 -0.142184 
0.000000
0.531986 0.160275 0.509805 -0.035412 -0.081463 0.216741 -0.137363 0.140387 -0.086275 
1.000000
0.390429 0.051967 0.496440 -0.053546 -0.109659 0.533296 -0.189396 0.322069 -0.121245 
0.000000
0.791692 0.218568 0.283865 0.095026 -0.070366 0.263773 -0.109347 0.169755 0.744043 
1.000000
0.165639 0.283925 -0.098985 -0.060805 -0.143734 -0.353908 -0.269631 0.009253 -0.156743 
0.000000
0.494565 0.131942 0.294450 -0.038436 -0.087808 -0.199571 -0.148027 0.593240 -0.094031 
0.000000
0.200470 -0.064611 0.304339 -0.060371 -0.136981 0.457466 -0.252300 0.028300 -0.149507 
0.000000
0.474045 0.491243 0.278199 0.083846 0.739804 0.185722 -0.157310 0.119945 0.715865 
0.000000
0.610920 0.222611 0.287706 0.098201 0.762602 0.667334 0.568714 0.405130 -0.071346 
1.000000
0.360652 -0.063158 0.593090 -0.060344 -0.136570 0.061029 -0.251683 0.029119 -0.149066 
0.000000
0.198966 0.425759 0.491888 0.069256 0.721004 0.529933 0.486145 -0.144733 0.694604 
0.000000
0.501685 0.136340 0.202275 -0.038384 0.744813 0.201677 0.531107 -0.104393 -0.092664 
0.000000
-0.211740 0.224317 0.045668 -0.061627 -0.157306 0.010621 0.375617 -0.017472 -0.171269 
0.000000
0.111732 0.233992 -0.041428 -0.061517 -0.155424 -0.382353 -0.297135 -0.015984 -0.169257 
0.000000
0.420366 -0.014102 -0.037974 -0.059592 -0.125540 0.093921 0.452231 -0.175798 -0.137231 
0.000000
0.580544 0.053261 0.308064 -0.053522 -0.109330 0.136750 -0.188933 0.090203 0.696221 
0.000000
0.430925 0.081683 0.436809 0.572108 -0.100896 0.559742 -0.177356 0.108257 -0.111301 
0.000000
0.270516 0.478087 0.170614 0.079773 -0.096323 0.177159 0.512055 0.116584 -0.105301 
0.000000
-0.096100 0.329017 0.125708 -0.060128 -0.133323 -0.328594 -0.245239 0.736768 -0.145584 
0.000000
0.749118 0.183743 0.436241 -0.035190 -0.078104 0.631030 0.549975 0.853492 -0.082779 
1.000000
