683 9 1
0.264570 0.013328 0.012647 0.020244 0.109904 0.015326 0.098930 0.024442 0.056536 
0.000000
-0.079558 -0.094062 -0.096645 -0.080319 0.001718 -0.113603 0.084606 -0.069358 0.003543 
0.000000
-0.143290 -0.069140 -0.070049 -0.059142 0.024776 -0.078654 -0.085179 -0.046969 0.016068 
0.000000
0.292942 0.224756 0.028094 0.036078 0.126687 0.032621 0.313925 0.724960 0.065362 
0.000000
0.296161 0.165289 0.164099 0.077691 0.164970 -0.028502 0.152907 -0.009482 0.037740 
0.000000
-0.250660 -0.151721 -0.155740 -0.130743 -0.055652 -0.180661 -0.074495 -0.127180 -0.026038 
0.000000
0.349852 0.004184 0.003636 0.010182 0.004534 0.006094 -0.007267 0.018542 0.052090 
0.000000
0.150561 0.062323 0.062146 0.067980 0.159800 0.064960 0.060336 0.066677 0.079726 
0.000000
0.164305 0.073313 0.073129 0.077555 0.243699 0.072687 0.072493 0.076127 0.107468 
0.000000
0.825057 0.488194 0.487306 0.104125 0.293865 0.875891 0.769202 0.602416 0.050026 
1.000000
-0.129673 -0.060393 -0.060920 -0.048976 -0.062785 -0.066836 0.022956 -0.036457 0.021162 
0.000000
0.027264 -0.013722 -0.014392 -0.008131 0.083959 -0.013922 0.072147 0.002893 0.044505 
0.000000
0.211348 -0.093593 -0.096175 0.018153 0.002577 -0.015363 0.086114 -0.068898 0.003977 
0.000000
0.481063 0.208308 0.202571 -0.058986 -0.092087 -0.119765 0.182360 -0.158306 -0.046989 
1.000000
0.066638 0.072915 0.170200 0.077157 0.242630 0.072290 0.169632 0.075729 0.106982 
0.000000
0.246406 0.061921 0.061743 0.067578 0.159009 0.064561 0.157341 0.066275 0.079324 
0.000000
0.892517 0.958035 0.957234 0.546468 0.944056 0.529776 0.760984 0.962644 0.922213 
1.000000
0.264041 0.013187 0.012506 0.020103 0.109633 0.015186 0.098658 0.024302 0.056398 
0.000000
0.011766 -0.172717 -0.177913 -0.052108 -0.081113 -0.207306 -0.098854 -0.147554 -0.040114 
0.000000
0.490911 0.117519 0.209583 0.729332 0.307399 0.664642 0.092655 0.535717 -0.041587 
1.000000
-0.327339 -0.205748 -0.211883 -0.175993 -0.215908 -0.241707 -0.038734 -0.179784 -0.057855 
0.000000
0.686672 0.325385 0.324109 0.039426 0.521979 0.911076 0.123893 0.435053 0.166461 
1.000000
-0.086049 -0.173349 -0.178547 -0.150610 -0.082008 -0.013579 -0.002863 -0.148048 -0.040567 
0.000000
0.014489 0.171599 0.072423 0.082441 0.073667 0.074515 0.159768 -0.004638 0.041591 
0.000000
-0.273942 -0.168500 -0.173692 -0.146431 -0.075717 -0.202163 0.004090 -0.142453 -0.036527 
0.000000
-0.047134 0.146850 0.240360 -0.026944 0.344324 0.507902 0.127110 -0.121658 -0.022029 
1.000000
0.588876 0.313406 0.112669 -0.151400 0.014555 0.082469 -0.004452 -0.051001 0.157233 
1.000000
0.162361 0.550303 0.448737 0.474032 0.749840 0.718321 0.238413 0.478343 -0.013185 
1.000000
0.020302 0.041050 0.039203 0.045904 0.137951 0.044572 0.035291 0.050047 0.069692 
0.000000
0.341483 0.061518 0.061341 0.066659 0.158217 0.064161 0.059271 0.065873 0.078922 
0.000000
-0.291109 -0.181244 -0.186449 -0.156014 -0.091359 -0.119033 -0.109389 -0.156810 -0.046685 
0.000000
0.358409 0.890185 0.888890 0.899133 0.499307 0.888066 0.487704 0.414944 0.154915 
1.000000
0.093331 -0.084988 0.006948 -0.157159 0.298642 0.656907 0.181671 -0.158472 -0.047141 
1.000000
-0.210342 -0.121523 -0.124494 -0.101809 -0.020753 -0.142755 -0.138677 -0.096620 -0.007970 
0.000000
0.058605 -0.138827 -0.142579 -0.119977 -0.038986 -0.162938 0.037190 -0.016143 -0.018118 
0.000000
0.180299 0.050759 0.147370 0.356016 0.147161 0.634303 0.527285 0.465360 0.027025 
1.000000
0.511936 0.076693 0.076507 0.158610 0.247421 0.147939 0.173154 0.275055 0.110034 
0.000000
0.136812 0.076561 0.076375 0.158373 0.247065 0.147703 0.075356 0.078993 0.109872 
0.000000
-0.213248 -0.122712 -0.125685 -0.103506 -0.022461 -0.144341 0.054034 -0.098313 -0.008834 
0.000000
0.380364 0.024079 0.121122 0.031381 0.121589 0.027820 0.210246 0.034519 0.062649 
0.000000
0.085035 0.246669 0.343272 0.161224 0.539675 0.149398 0.235772 0.466448 0.027449 
0.000000
-0.007470 0.023800 0.218183 0.128980 0.121050 0.027543 0.209448 0.034242 0.062376 
0.000000
0.226905 -0.080572 0.209508 -0.069414 0.014081 -0.095998 0.096857 0.038437 0.008558 
0.000000
0.043293 0.056660 0.056228 0.062444 0.152570 0.060230 0.054409 0.060751 0.076386 
0.000000
-0.218549 0.263083 0.551857 0.380369 0.266323 0.530255 0.439424 0.776830 -0.011303 
1.000000
0.010785 0.096560 -0.003757 -0.083606 0.095659 -0.118315 0.081298 0.414991 -0.000356 
0.000000
0.391801 0.030366 0.028778 0.037019 0.127631 0.033171 0.119798 0.040663 0.065905 
0.000000
0.247582 0.062457 0.062280 0.068114 0.160064 0.065093 0.158137 0.066811 0.079859 
0.000000
-0.119410 -0.197796 -0.106189 -0.167467 -0.106681 -0.231744 -0.125649 -0.172152 -0.053145 
0.000000
0.108767 -0.025275 -0.026587 -0.016845 0.071734 -0.024141 -0.037117 -0.005777 0.040614 
0.000000
-0.012009 -0.046479 -0.047268 -0.034939 0.049962 -0.045252 0.137697 -0.023523 0.027308 
0.000000
-0.111099 0.395628 0.388717 0.131758 0.096030 0.551526 0.077537 0.519587 -0.050938 
1.000000
0.135688 0.140725 0.331438 0.456360 0.628354 0.401902 0.510431 0.753178 -0.026187 
1.000000
0.136575 0.076429 0.076243 0.158136 0.246709 0.147466 0.075223 0.078861 0.109711 
0.000000
0.617466 0.724972 0.719822 -0.034130 0.723840 0.691002 0.216064 0.066582 0.171921 
1.000000
0.492198 0.193137 0.385158 0.111320 0.094568 -0.119790 0.177871 0.120529 -0.000647 
0.000000
-0.216483 -0.197967 -0.203959 -0.069757 -0.106983 -0.231920 -0.028416 -0.172320 -0.053298 
0.000000
-0.326135 -0.204973 -0.211106 -0.175228 -0.115576 -0.046419 -0.037431 -0.178888 -0.057394 
0.000000
0.539251 0.226218 0.811077 0.336408 0.223951 0.218155 0.504225 0.837964 0.017201 
1.000000
-0.218135 -0.199084 -0.205077 -0.168358 -0.108363 -0.232785 -0.029799 -0.173045 -0.053867 
0.000000
0.539876 0.640368 0.733540 0.075068 0.351070 0.709670 0.426232 0.765315 0.477471 
1.000000
0.136338 0.076297 0.076111 0.157899 0.246354 0.147230 0.075091 0.078729 0.109549 
0.000000
0.781726 0.654466 0.555337 0.274549 0.166337 0.847466 0.544812 0.775074 0.038300 
1.000000
0.121220 0.435761 0.628578 0.539477 0.336618 0.922055 0.624953 0.541981 0.070504 
1.000000
0.883617 0.953733 0.952934 0.961047 0.522101 0.949361 0.464584 0.567380 0.356669 
1.000000
0.733987 0.812906 0.812542 0.533243 0.714208 0.802349 0.505566 0.839427 0.911494 
1.000000
-0.172337 0.006247 0.003596 -0.078199 0.004110 -0.109667 -0.107036 -0.066474 0.004557 
0.000000
0.061852 0.067840 0.068175 0.073627 0.236778 0.069421 0.067277 0.071551 0.104720 
0.000000
0.257237 0.743504 0.739528 0.766180 0.552579 0.715677 0.724606 0.770755 0.581740 
1.000000
0.150510 0.001726 0.001307 0.007335 0.001812 0.003519 0.088053 0.016615 0.050710 
0.000000
0.134999 0.042637 0.233159 -0.131845 0.529396 0.692328 0.216748 0.067003 -0.026336 
1.000000
0.162369 -0.202005 -0.208134 -0.172017 -0.112336 -0.237418 -0.034439 -0.177098 -0.055947 
0.000000
0.529758 0.806121 0.804341 0.818924 0.607963 0.791845 0.790458 0.535797 0.212186 
1.000000
-0.082423 -0.023880 -0.025321 -0.015711 0.073391 -0.022881 0.061825 -0.004782 0.041451 
0.000000
-0.137741 -0.141123 -0.145004 -0.121107 -0.040768 -0.165749 0.035144 -0.116528 -0.019349 
0.000000
-0.022807 0.014033 0.013352 0.021076 0.111258 0.016027 0.002880 0.025141 0.057222 
0.000000
0.652457 0.263761 0.357725 0.773204 0.364888 0.725819 0.440362 0.484259 0.882852 
1.000000
0.756621 0.145656 0.144860 -0.039554 0.045333 0.825147 0.523597 0.462095 0.025488 
1.000000
-0.060238 -0.007842 -0.008644 0.192608 0.089076 0.186051 -0.020778 0.006172 0.046310 
0.000000
0.688523 0.585305 0.582115 0.014556 0.585508 0.757098 0.179382 0.611721 0.893798 
1.000000
0.014025 0.036432 0.034844 0.042186 0.133711 0.040493 0.127942 0.045949 0.068067 
0.000000
0.310667 0.224312 0.316837 0.737500 0.221653 0.675273 0.397834 0.643775 0.264010 
1.000000
0.339030 -0.070091 0.123938 -0.060352 0.219207 0.308369 0.304271 0.832084 0.015389 
1.000000
0.423971 0.931329 0.930156 0.940177 0.442409 0.154593 0.732838 0.449445 0.073728 
1.000000
0.884997 0.817898 0.620568 0.238337 0.329751 0.137880 0.616540 0.633875 0.068203 
1.000000
0.286975 0.770082 0.473446 0.496761 0.380579 0.161104 0.557388 0.795701 0.096255 
1.000000
-0.238542 -0.144202 -0.148085 -0.123529 -0.141480 -0.169998 0.031917 -0.119203 -0.020649 
0.000000
0.445259 0.065349 0.065041 0.071394 0.204024 0.067070 0.161805 0.069575 0.102938 
0.000000
-0.034421 -0.136302 -0.139666 -0.116813 -0.036070 -0.160402 0.039473 -0.111726 -0.015004 
0.000000
0.174829 0.016720 0.015780 0.023504 0.016453 0.018186 0.102345 0.027304 0.059240 
0.000000
0.067414 0.073180 0.072996 0.077422 0.243343 0.072555 0.072361 0.075994 0.107306 
0.000000
-0.227510 -0.136140 -0.139503 -0.018646 -0.133665 -0.160237 -0.155436 -0.111567 -0.014856 
0.000000
0.938639 0.952439 0.951641 0.959750 0.659803 0.948072 0.951620 0.957943 0.851399 
1.000000
0.413054 0.046145 0.142024 0.050880 0.141765 0.049387 0.040392 0.053076 0.070774 
0.000000
0.262381 -0.129904 -0.133522 -0.111598 -0.029017 -0.153468 0.046297 -0.106393 -0.011892 
0.000000
-0.201039 -0.112962 -0.116320 -0.095329 -0.013861 -0.134443 0.064992 -0.089895 -0.004480 
0.000000
0.419491 0.699569 0.208966 0.811331 0.795854 0.098089 0.291516 0.135991 0.206820 
1.000000
0.607448 0.716388 0.711879 0.545740 -0.066827 0.679166 0.109378 -0.135050 -0.030714 
1.000000
0.193017 0.027032 0.026605 0.034202 0.026790 0.030627 0.018268 0.037206 0.064147 
0.000000
0.161844 0.072126 0.071556 0.076628 0.241028 0.071762 0.266380 0.075199 0.106333 
0.000000
-0.254106 -0.154481 -0.061420 -0.034584 -0.059843 -0.184717 0.019880 -0.129671 -0.027046 
0.000000
-0.050542 -0.147812 -0.151828 -0.126470 -0.049536 -0.175050 -0.167702 -0.123044 -0.023333 
0.000000
0.120578 -0.016641 -0.017826 -0.010149 0.081292 -0.015930 -0.028060 -0.000153 0.043810 
0.000000
0.249276 0.064417 0.064239 0.168212 0.323661 0.357638 0.062561 0.068644 0.101961 
0.000000
-0.083736 -0.172253 -0.177576 -0.149655 -0.080517 -0.109712 0.390205 -0.147225 -0.039811 
0.000000
0.356399 0.072782 0.364876 0.077025 0.242273 0.072158 0.071834 0.075596 0.106820 
0.000000
0.367417 0.339355 0.338423 0.644474 0.239855 0.822234 0.131292 0.264928 0.024921 
1.000000
-0.221589 -0.130065 -0.133684 -0.111757 -0.029308 -0.153632 -0.149200 -0.106552 -0.012039 
0.000000
0.117665 0.078894 0.077384 0.184249 0.079157 0.176577 0.165135 -0.001115 0.043254 
0.000000
0.457397 0.457318 0.355693 0.183648 0.167726 0.723271 0.242990 -0.105170 -0.011598 
1.000000
0.313749 0.788817 0.785621 0.021954 0.592417 0.768374 0.480210 0.130691 0.204183 
1.000000
0.665316 0.761591 0.660408 0.097410 0.472933 0.251016 0.061311 0.298567 -0.006012 
1.000000
-0.143128 -0.068987 -0.069896 -0.058990 0.025059 -0.078500 0.110308 -0.046819 0.016211 
0.000000
-0.046527 -0.145433 -0.149187 0.071515 0.541330 -0.171489 0.225625 0.564418 -0.021732 
0.000000
0.034998 0.235042 0.230360 0.747819 0.134527 0.688487 0.409007 0.261184 0.666928 
1.000000
0.367691 0.016579 0.015639 0.023363 0.114069 0.018046 0.004536 0.027164 0.059103 
0.000000
0.166205 0.012635 0.012082 0.019682 0.011192 0.014765 0.098100 0.023882 0.055987 
0.000000
0.040783 -0.075934 -0.077615 -0.067234 0.017701 -0.089044 0.005145 -0.055424 0.011177 
0.000000
0.022976 -0.164820 -0.071505 -0.142518 -0.069694 -0.197283 0.008841 -0.136737 -0.033018 
0.000000
0.329727 0.078909 0.078722 0.161865 0.250788 0.150949 0.077190 0.080828 0.438028 
0.000000
0.381450 0.694711 0.688245 -0.157491 0.003865 0.266916 -0.014781 0.623490 -0.047839 
1.000000
-0.283344 0.019427 0.013961 -0.055019 -0.084446 -0.210783 0.384707 -0.052366 -0.041738 
0.000000
0.749920 0.239237 0.530394 0.054369 0.042011 0.623618 0.421699 -0.030629 0.023807 
1.000000
0.472766 0.022306 0.216431 0.127618 0.119164 0.025416 0.011709 0.032237 0.061421 
0.000000
0.138874 0.077089 0.076903 0.543688 0.248487 0.148647 0.076013 0.079780 0.435667 
0.000000
0.254982 0.067707 0.068042 0.269249 0.236420 0.069289 0.164681 0.071417 0.104557 
0.000000
0.624954 0.680301 0.776489 0.492925 0.486148 0.192699 0.863628 0.892578 0.048520 
1.000000
0.604832 0.790134 0.786937 -0.075769 0.789251 0.575188 0.090478 0.131102 0.005921 
1.000000
0.452382 0.267591 0.169287 0.076760 0.379967 0.071894 0.071439 0.075331 0.106496 
0.000000
0.503366 0.200879 0.198092 -0.078509 0.003538 0.666992 0.087464 0.128244 0.004267 
1.000000
0.176012 -0.121683 -0.124655 0.191666 -0.021043 -0.142918 0.056235 -0.096777 -0.008117 
0.000000
-0.235537 -0.142258 -0.146140 -0.122237 -0.041775 -0.167404 -0.161073 -0.117009 -0.019794 
0.000000
0.297110 -0.029490 -0.030544 -0.019894 0.165654 0.069042 0.055926 0.088901 0.038020 
0.000000
0.157085 0.350154 0.443661 0.566844 0.549373 0.713363 0.038626 0.768474 0.181928 
1.000000
-0.082169 0.025260 0.312336 0.145766 0.215847 0.475848 0.099655 0.149492 -0.037393 
1.000000
0.416466 0.768718 0.572048 0.385138 0.379250 0.667552 0.268857 0.101960 0.045200 
0.000000
0.199630 0.701759 -0.083935 0.531952 0.697313 -0.113834 0.383761 0.534352 0.850939 
1.000000
0.580451 0.710833 0.221940 0.622383 0.320590 0.419766 0.604405 0.723098 0.163618 
1.000000
0.502982 0.321166 0.608431 -0.046850 0.709754 0.285458 -0.090795 0.642576 0.858686 
1.000000
0.176829 0.019228 0.115240 0.124152 0.115561 0.021198 0.007583 0.030329 0.060055 
0.000000
0.080200 0.295644 0.191331 0.326236 0.680636 -0.227001 -0.021941 -0.167833 -0.051528 
1.000000
0.065989 0.072650 0.071950 0.076893 0.241916 0.072026 0.169238 0.075464 0.106658 
0.000000
-0.123460 -0.102405 -0.206196 -0.169197 -0.207502 -0.233663 -0.128857 -0.173887 -0.054634 
0.000000
0.805597 0.868609 0.867065 -0.006083 0.478202 -0.010856 0.074721 0.690164 0.045478 
1.000000
0.222919 0.794318 0.791509 0.416641 0.793060 0.774902 0.776922 0.427358 0.404532 
1.000000
0.453807 0.073048 0.072864 0.077290 0.242986 0.072423 0.072228 0.075862 0.107144 
0.000000
0.242669 -0.001455 -0.001871 0.005056 0.097029 -0.000033 -0.013190 0.013180 0.049488 
0.000000
0.367035 0.016438 0.015498 0.023223 0.113798 0.017907 0.101931 0.027025 0.058966 
0.000000
0.144185 -0.001885 -0.002301 0.004368 0.096210 0.388027 -0.013625 0.012626 0.049073 
0.000000
0.136101 0.076165 0.075979 0.157662 0.245998 0.146994 0.074959 0.078597 0.109388 
0.000000
-0.037596 -0.138664 -0.142416 -0.119817 -0.038694 -0.162772 0.037613 -0.113818 -0.017970 
0.000000
0.278194 0.022026 0.020956 0.029332 0.118625 0.025139 0.011168 0.031959 0.061148 
0.000000
0.277131 0.494578 0.390003 -0.063108 0.097191 0.455828 -0.018833 0.520994 0.048855 
1.000000
-0.280442 -0.173943 0.113522 -0.151070 -0.082605 -0.208423 -0.101130 -0.148377 -0.040870 
0.000000
-0.110549 -0.047594 -0.048512 -0.037475 -0.049431 -0.046748 -0.059273 0.170654 0.026741 
0.000000
-0.304803 -0.190539 -0.197041 -0.162429 -0.100044 -0.226651 -0.118098 -0.166334 0.048113 
0.000000
-0.215727 -0.197625 -0.203486 -0.167299 -0.106379 -0.231569 -0.125345 -0.171984 -0.052992 
0.000000
-0.052655 -0.148469 -0.152486 -0.127117 -0.050841 -0.175848 -0.071349 -0.026112 -0.023928 
0.000000
-0.135533 -0.064775 -0.064525 -0.053871 0.030190 -0.071595 0.115831 -0.040942 0.018808 
0.000000
0.881227 0.911907 0.715026 0.921627 0.522764 0.426119 0.905489 0.239778 0.067394 
1.000000
0.142009 0.057979 0.057804 0.063764 0.154540 0.062441 0.055987 0.062201 0.077319 
0.000000
0.402492 0.037740 0.133491 0.042719 0.134504 0.040895 0.226789 0.046999 0.068338 
0.000000
0.069360 -0.102706 -0.011431 0.124268 -0.109918 0.348892 -0.031625 0.315122 -0.054787 
1.000000
-0.272761 -0.167999 -0.173189 -0.145808 -0.074824 -0.201649 -0.092549 -0.141961 -0.036075 
0.000000
0.037484 -0.007410 -0.008211 -0.002068 0.090027 -0.007634 -0.020211 0.006600 0.046726 
0.000000
0.140175 0.729199 0.529631 0.753619 0.535408 0.698081 0.025892 0.364940 0.174329 
1.000000
-0.011311 0.540204 0.831927 0.847680 0.540600 0.830556 0.236311 0.761136 0.325593 
1.000000
0.102177 -0.177403 0.013236 -0.154263 -0.086078 -0.211257 -0.104870 -0.151567 -0.043220 
0.000000
0.040364 -0.076088 -0.077769 -0.067387 0.017416 -0.089199 0.102396 0.042260 0.011033 
0.000000
-0.219078 -0.199599 -0.205852 -0.168861 -0.109140 -0.233312 -0.128249 -0.173550 -0.054327 
0.000000
0.320860 0.048403 0.047200 0.052363 0.144160 0.051760 0.140969 0.054298 0.071990 
0.000000
0.077027 0.097177 0.090984 0.618165 -0.105085 0.644210 0.169984 0.319379 -0.052533 
1.000000
0.155458 0.474512 0.467896 -0.178340 -0.021537 0.046105 -0.042959 0.405267 -0.059457 
0.000000
0.248886 0.064283 0.064105 0.070072 0.201626 0.065754 0.159964 0.068511 0.101798 
0.000000
0.106846 -0.027429 -0.028483 -0.018352 0.069834 -0.025900 0.156053 -0.006887 0.038999 
0.000000
0.222099 0.230363 0.128855 0.156273 0.032723 0.584740 0.403916 0.552227 0.168404 
1.000000
-0.175333 -0.167498 -0.172686 -0.047308 -0.073932 -0.201136 -0.189059 -0.141470 -0.035623 
0.000000
0.026986 -0.086432 -0.089014 -0.075022 0.008594 -0.102879 0.091754 -0.063311 0.006500 
0.000000
0.438760 0.061652 0.061475 0.262807 0.158481 0.064294 0.059406 0.066007 0.079056 
0.000000
0.258214 0.169531 0.071424 0.174373 0.240671 0.071630 0.265989 0.075066 0.106171 
0.000000
0.497515 0.782757 0.779431 0.603556 0.391601 0.661451 0.082808 0.810029 0.895661 
1.000000
0.287554 0.647567 0.645521 0.855963 0.354159 0.840342 0.634245 0.866840 0.232686 
1.000000
0.766518 0.153791 0.347928 0.262728 0.153444 0.542652 0.141615 0.373002 0.228941 
1.000000
0.634825 -0.066933 0.030013 0.433617 0.223410 0.800348 0.503296 0.543143 0.116261 
1.000000
0.432068 0.219584 0.315683 0.817607 0.020360 0.790533 0.106382 0.632705 0.112578 
1.000000
0.572298 0.204881 0.198755 0.331306 0.491663 0.459655 0.374505 -0.161208 -0.048144 
1.000000
-0.123438 -0.055762 -0.056548 -0.044605 0.040264 -0.059129 0.029416 -0.032237 0.023381 
0.000000
0.180636 0.021746 0.020676 0.028924 0.118085 0.024861 0.108422 0.031681 0.060875 
0.000000
-0.207225 -0.119204 -0.122176 -0.100271 -0.018173 -0.139791 0.059113 -0.095085 -0.007122 
0.000000
0.515808 0.078646 0.078459 0.161393 0.249903 0.150253 0.174463 0.080564 0.920652 
0.000000
-0.089261 -0.029343 -0.030397 0.078260 0.068173 -0.027934 0.056204 -0.008789 0.038160 
0.000000
0.421385 0.929374 0.928330 0.937441 0.929882 0.929879 0.925826 0.057180 0.073192 
1.000000
0.274660 0.020423 0.019095 0.026952 0.214645 0.022773 0.009041 0.030747 0.060465 
0.000000
-0.069215 0.181755 -0.014247 -0.007986 0.084234 -0.013778 0.072422 0.101000 0.044644 
0.000000
-0.033059 -0.203123 -0.209253 -0.173000 -0.113200 -0.238928 -0.035436 -0.177436 -0.056386 
0.000000
-0.015761 0.020283 0.018955 0.026813 0.214246 0.022633 0.008899 0.030608 0.060328 
0.000000
0.404213 0.038428 0.134309 0.043406 0.135840 0.041577 0.130718 0.047683 0.069016 
0.000000
0.251352 0.065215 0.064907 0.071260 0.203704 0.066937 0.161542 0.069441 0.102775 
0.000000
0.265884 0.013610 0.012929 0.020525 0.110446 0.015606 0.099602 0.024722 0.056810 
0.000000
0.016897 0.038153 0.036435 0.043131 0.135306 0.041304 0.130054 0.047409 0.068745 
0.000000
0.422034 0.051677 0.051247 0.056679 0.148090 0.055917 0.048129 0.057316 0.073327 
0.000000
-0.016833 0.019088 0.017502 0.026005 0.017533 0.021058 0.104978 0.030190 0.059918 
0.000000
0.335790 0.058114 0.057939 0.063898 0.154804 0.062575 0.056122 0.062336 0.077453 
0.000000
-0.020147 0.016298 0.015358 0.023083 0.113528 0.017767 0.004123 0.026885 0.058830 
0.000000
0.336382 -0.002171 0.192350 0.003823 0.095665 -0.001260 -0.013915 0.012342 0.048796 
0.000000
0.559723 0.436075 0.532544 0.153881 0.141279 0.820777 0.130730 0.264245 0.123840 
1.000000
0.115253 -0.167331 -0.172519 -0.145021 -0.073635 -0.200965 0.006443 -0.141306 -0.035473 
0.000000
-0.015985 -0.049118 -0.049778 -0.039256 0.045893 -0.048651 -0.061063 -0.026788 0.025771 
0.000000
0.291723 0.162173 0.258969 -0.022654 0.259993 -0.031990 0.149647 -0.011807 0.035964 
0.000000
0.564693 0.687124 0.680007 0.131036 0.486198 -0.226826 0.466821 0.714018 -0.051375 
1.000000
0.137340 -0.005628 -0.006172 0.196117 0.092201 -0.005473 -0.018158 0.008761 0.047696 
0.000000
0.048334 -0.070244 -0.071411 -0.060504 0.120908 -0.080786 0.010989 -0.049750 0.015246 
0.000000
0.357221 0.693666 0.789978 0.310420 0.205105 0.886628 0.584180 0.022804 0.055306 
1.000000
0.342189 -0.046373 0.144872 -0.123368 0.348117 0.705422 0.227673 0.174852 0.178168 
1.000000
0.727866 0.224164 0.223050 0.431197 0.025342 0.796907 0.013056 0.149261 0.016354 
1.000000
0.475209 0.764712 0.565802 0.589657 0.181365 0.545248 0.454721 0.496962 -0.004626 
1.000000
-0.197160 -0.109229 -0.112459 -0.091594 -0.011544 -0.130970 -0.029318 -0.086294 -0.003371 
0.000000
0.054181 -0.142421 -0.146304 -0.122398 -0.042068 0.026673 -0.161239 -0.117169 -0.019942 
0.000000
0.561834 0.098422 -0.005626 -0.164262 -0.006078 -0.034264 0.269289 0.222914 0.047108 
1.000000
0.125781 0.084782 0.083785 0.188721 0.085316 -0.013345 -0.024288 0.003853 0.045061 
0.000000
0.003985 -0.031536 -0.032460 -0.021290 0.065846 -0.030245 -0.043797 -0.010191 0.036918 
0.000000
0.234504 0.385180 0.384363 0.686554 0.484020 0.869923 0.860982 0.596692 0.047835 
1.000000
0.053668 0.062189 0.062011 0.067846 0.159536 0.064827 0.060202 0.066543 0.079592 
0.000000
0.326137 0.089551 0.088681 0.290083 0.088802 0.282772 -0.020924 0.006029 0.046172 
0.000000
0.166434 0.553920 0.549824 0.574611 0.264933 0.721950 0.437383 0.579519 -0.011745 
1.000000
0.705399 0.305317 0.595255 0.807350 0.107439 0.773588 0.287918 -0.062618 0.205457 
1.000000
0.266413 0.013751 0.013070 0.118673 0.110717 0.015747 0.099874 0.024862 0.056947 
0.000000
0.194077 0.015587 0.107844 -0.155682 0.203935 -0.117658 -0.010991 0.627500 -0.046380 
1.000000
0.426470 0.021295 0.214483 -0.067540 0.114889 0.202011 0.101982 0.139815 0.010889 
1.000000
-0.087391 -0.027998 -0.029182 -0.018791 -0.028754 -0.026338 -0.039984 -0.007320 0.038579 
0.000000
0.450055 0.654365 0.361497 0.074155 0.792182 0.069819 0.653932 0.953634 0.353289 
1.000000
0.087806 0.204195 0.198069 0.526247 0.686101 0.458581 0.373557 0.034296 0.546923 
1.000000
-0.190902 -0.104965 -0.108451 -0.087857 -0.007271 -0.125409 -0.023355 -0.081142 -0.001797 
0.000000
-0.112902 -0.049268 -0.049928 -0.039405 0.045613 -0.048800 0.133859 -0.026935 0.025630 
0.000000
-0.149965 0.218503 0.119278 0.816136 0.215307 0.787910 0.300370 0.435567 0.012956 
1.000000
0.056859 0.083115 0.076770 0.212832 0.371788 0.627967 -0.043846 -0.085026 -0.059765 
0.000000
0.838386 0.886367 0.885332 0.895567 0.496903 0.884265 0.679725 0.021855 0.451569 
1.000000
0.109842 -0.024724 -0.026036 -0.016553 0.072286 0.267901 -0.036692 -0.005489 0.040893 
0.000000
0.404864 0.624561 0.915357 0.533578 0.429767 0.916967 0.619316 0.439679 0.069151 
1.000000
0.060414 0.067040 0.066860 0.072570 0.234630 0.068626 0.065702 0.070751 0.103744 
0.000000
0.061765 -0.061797 -0.062066 -0.050894 0.032529 0.320891 0.314282 -0.037718 0.020450 
0.000000
0.067108 -0.057033 -0.058077 -0.046520 0.038859 -0.062198 0.124769 -0.033625 0.022671 
0.000000
0.562049 0.340322 0.339389 0.351807 0.045052 0.823840 0.230060 0.167794 0.025346 
1.000000
0.179983 -0.119044 -0.122015 -0.100113 -0.017884 -0.139629 0.059533 -0.094928 -0.006975 
0.000000
0.263511 0.110583 0.012364 0.019963 0.109362 0.015046 0.000849 0.024162 0.056261 
0.000000
0.611208 0.036948 0.032530 0.745581 -0.063758 0.684685 0.405971 0.064055 0.169246 
1.000000
0.035379 0.116230 0.308447 0.029159 0.112666 0.780724 0.488480 -0.058836 0.008978 
1.000000
0.541943 0.130710 0.228420 0.730336 0.128358 0.803811 0.116243 0.155137 0.018951 
1.000000
0.689000 0.913206 0.325675 0.334888 0.719322 0.913022 0.711458 0.142209 0.067530 
1.000000
0.453049 0.204795 0.106381 0.016117 0.204433 0.302459 0.290509 0.022524 0.055031 
1.000000
0.441191 0.001868 0.001450 0.203491 0.099842 0.003661 -0.009339 0.016756 0.050848 
0.000000
0.700063 0.076825 0.076639 0.158847 0.247776 0.148175 0.075749 0.079516 0.110195 
0.000000
0.297872 0.582740 0.481824 0.306660 0.387423 0.559903 0.567473 0.707128 0.098411 
1.000000
-0.256531 -0.156210 -0.160620 -0.134569 -0.061837 0.201255 -0.177584 -0.131129 -0.028711 
0.000000
-0.095880 -0.033454 -0.034120 -0.023336 -0.034222 -0.032283 0.051424 -0.012226 0.035684 
0.000000
-0.069646 -0.013867 -0.014537 -0.008276 0.083684 -0.014067 0.071871 0.002750 0.044366 
0.000000
-0.145876 -0.147320 -0.151205 -0.125985 -0.048655 -0.174548 -0.167072 -0.122560 -0.022886 
0.000000
0.479089 0.475834 0.569664 0.495514 0.281440 0.257357 0.263003 0.794069 0.095686 
1.000000
0.160669 0.007231 0.006810 0.013363 0.007328 0.008871 0.093456 0.021715 0.054095 
0.000000
-0.248032 -0.150288 -0.154306 -0.128930 0.729265 -0.177675 -0.170330 -0.125369 -0.024786 
0.000000
0.335721 -0.002314 0.094480 0.003681 0.095392 -0.001402 -0.014060 0.012201 0.048658 
0.000000
0.427611 0.055862 0.055301 0.061388 0.151381 0.059566 0.150501 0.060212 0.075848 
0.000000
0.041519 0.190508 -0.005369 0.001554 0.191151 -0.004030 -0.016706 0.009821 0.047973 
0.000000
0.488757 0.457495 0.456100 0.175293 0.066807 0.845448 0.542647 -0.009627 0.037600 
1.000000
0.292019 0.321757 0.125285 0.035801 0.126150 0.420832 0.118184 0.038931 0.164293 
0.000000
-0.304177 -0.189424 -0.195925 -0.161708 -0.099184 -0.225274 -0.117234 -0.165094 -0.050785 
0.000000
0.451569 0.354164 0.252863 0.179463 0.064213 0.716999 0.335269 -0.109605 -0.013332 
1.000000
0.034211 0.050244 0.049815 0.055243 0.146524 0.054491 0.046695 0.057045 0.073058 
0.000000
0.353383 0.006947 0.103995 0.012821 0.104801 0.008331 -0.004498 0.021434 0.053820 
0.000000
0.091720 0.059152 0.057516 -0.028131 0.253847 0.157180 0.046078 -0.016737 0.032529 
0.000000
0.869110 0.949455 0.705929 0.739342 0.669153 0.719756 0.957351 0.940704 0.850791 
1.000000
0.016779 -0.094219 -0.096802 0.115281 -0.096325 -0.113762 0.084189 -0.069512 0.003398 
0.000000
0.100333 0.065853 0.064861 0.076441 0.065569 -0.030392 0.151128 0.087499 0.036778 
0.000000
0.106436 -0.027575 -0.028630 -0.018498 0.069557 -0.026046 0.058109 -0.007032 0.038859 
0.000000
0.439320 0.488982 0.488094 0.398418 0.294396 0.877190 0.575047 0.505369 0.149499 
1.000000
0.654638 0.754122 0.749890 0.579996 0.366664 0.533866 0.442918 0.780568 -0.009537 
1.000000
0.111530 -0.023329 0.072699 -0.015290 0.073943 -0.022461 0.062508 -0.004494 0.041730 
0.000000
-0.216368 -0.027496 0.066287 -0.106212 -0.025173 -0.147050 0.051832 -0.101273 -0.009683 
0.000000
-0.196991 -0.109071 -0.112300 -0.091438 -0.011255 -0.130808 0.068638 -0.086138 -0.003226 
0.000000
0.101255 0.030227 0.028640 0.036881 0.127363 0.033034 0.119529 0.040525 0.065769 
0.000000
0.597858 0.369082 0.465094 0.083946 0.173710 0.853760 0.455184 0.486424 0.042287 
1.000000
-0.143586 -0.209323 -0.215463 -0.178509 -0.120490 -0.148701 -0.043403 -0.182692 -0.059611 
0.000000
0.257826 0.949564 0.656104 0.761376 0.655537 0.751350 0.655746 0.368440 0.106009 
1.000000
-0.195202 -0.107434 -0.110791 0.007815 -0.009874 -0.129940 0.070540 -0.084507 -0.002657 
0.000000
-0.061021 -0.057109 -0.159184 -0.132754 -0.060138 -0.087764 0.019454 -0.129834 -0.027196 
0.000000
0.721031 0.219043 0.412482 -0.064609 0.020076 0.789222 0.301042 0.142471 0.013100 
1.000000
0.207147 0.036295 0.034706 0.042048 0.133443 0.040356 0.127675 0.045813 0.067932 
0.000000
0.724334 0.807435 0.805655 0.820242 0.804796 0.793156 0.205778 0.830619 0.907931 
1.000000
0.281469 0.120778 0.119898 0.030417 0.120102 0.026989 0.110573 0.033688 0.061831 
0.000000
-0.081579 -0.023182 -0.024624 -0.015145 0.074219 -0.022316 0.062785 -0.004350 0.041869 
0.000000
0.100223 0.016907 0.109037 -0.155019 0.499309 0.661293 0.088397 0.629456 -0.044593 
1.000000
0.738207 0.883721 0.882430 0.892917 0.885928 0.395379 0.872015 0.900507 0.946373 
1.000000
0.218985 0.400787 0.397863 0.022393 0.203252 0.770746 0.090894 0.425408 0.006066 
1.000000
0.284260 0.024219 0.023793 0.031520 0.121858 0.027959 0.112979 0.034658 0.062785 
0.000000
0.256148 0.068236 0.068570 0.074022 0.237493 0.069686 0.262876 0.071817 0.105204 
0.000000
0.323968 0.050108 0.049679 0.152985 0.146258 0.054356 0.046559 0.056910 0.072923 
0.000000
0.095988 0.026893 0.026466 0.034064 0.026651 0.030489 0.018128 0.037068 0.064011 
0.000000
-0.150407 -0.149959 -0.153719 -0.128606 -0.052205 -0.177340 0.025466 -0.125046 -0.024488 
0.000000
0.194324 0.028213 0.027141 0.035256 0.125344 0.031417 0.116989 0.038388 0.064551 
0.000000
-0.004087 -0.037701 -0.039269 -0.027707 0.058889 -0.036511 0.144303 -0.016446 0.032810 
0.000000
-0.016652 -0.121363 -0.124334 -0.101651 -0.020464 -0.142592 -0.040848 -0.096463 -0.007823 
0.000000
0.212775 0.040776 0.038929 0.044983 0.137288 0.044300 0.035015 0.049774 0.069422 
0.000000
0.242528 0.059825 0.352184 0.065092 0.156778 0.063633 0.057577 0.064306 0.078258 
0.000000
0.903235 0.440120 0.926762 0.250597 0.439264 0.734074 0.631645 0.741623 0.271194 
1.000000
-0.116538 -0.051459 -0.052119 -0.041725 0.043802 -0.053169 -0.064192 -0.029114 0.024779 
0.000000
0.776341 0.455725 0.162053 0.467675 0.260806 0.843557 0.540869 0.674238 0.334247 
1.000000
-0.272272 -0.167665 -0.172854 -0.145480 -0.074230 -0.201307 0.005845 -0.141634 -0.035774 
0.000000
-0.221762 -0.130227 -0.133846 -0.111917 -0.127356 -0.153796 0.045710 -0.106711 -0.012186 
0.000000
0.414225 0.047321 0.045473 0.051411 0.142556 0.050814 0.139107 0.053347 0.071045 
0.000000
0.746084 -0.055913 -0.056699 -0.044755 0.039983 0.814816 0.321745 0.261121 0.023239 
1.000000
-0.133003 -0.063157 -0.063295 -0.051994 0.031424 -0.068824 0.117068 -0.039071 0.019629 
0.000000
0.201955 0.032110 0.128508 0.039151 0.129897 0.035292 0.220893 0.042919 0.066856 
0.000000
-0.098815 -0.035043 0.158583 -0.024788 0.061165 -0.033607 -0.048364 -0.013534 0.034421 
0.000000
0.173105 -0.122873 -0.125846 -0.103665 -0.022751 -0.144504 -0.043925 -0.098471 -0.008981 
0.000000
-0.260878 0.035713 -0.163385 -0.039189 -0.064738 -0.094814 0.209527 0.063471 0.069482 
0.000000
0.251372 0.002724 0.002435 0.008590 0.101346 0.004512 -0.008474 0.017602 0.051676 
0.000000
-0.021220 0.015876 0.014935 0.022662 0.112717 0.308712 0.003695 0.026466 0.058419 
0.000000
-0.182062 -0.075348 -0.080612 -0.150280 -0.179169 -0.207478 0.388531 -0.147719 -0.040265 
0.000000
-0.083114 -0.024302 -0.025743 -0.016003 0.072839 -0.023173 0.061271 -0.005071 0.041172 
0.000000
0.138637 0.076957 0.076771 0.159083 0.248132 0.148411 0.075881 0.079648 0.978087 
0.000000
0.406689 0.040913 0.039066 0.535155 0.235442 0.044436 0.035153 0.049911 0.069557 
0.000000
0.430465 0.056795 0.056362 0.160586 0.054948 0.060364 0.152210 0.060886 0.076520 
0.000000
-0.261875 -0.160467 -0.164105 -0.137911 -0.065459 -0.193433 -0.084712 0.061982 -0.030414 
0.000000
0.465507 0.505190 0.601507 0.905707 0.212367 0.893579 0.688612 0.909127 0.158711 
1.000000
0.299111 0.032249 0.031177 0.039289 0.130165 0.229930 0.123624 0.043057 0.066992 
0.000000
0.391195 0.017334 0.499984 0.041161 0.108838 0.565372 0.479621 0.630657 0.650899 
1.000000
-0.182371 -0.173181 -0.178379 -0.150445 0.016177 -0.207650 -0.100100 -0.147883 -0.040416 
0.000000
0.209618 -0.094375 0.097979 0.114867 0.001275 -0.016798 -0.013765 0.126006 0.003253 
0.000000
0.669964 0.766191 0.762220 0.786891 0.475860 0.740972 0.456076 0.791945 0.293669 
1.000000
0.297538 0.031059 0.029472 0.037710 0.128973 0.033860 0.219195 0.139315 0.066584 
0.000000
0.192469 -0.034194 0.062481 -0.024200 0.062276 -0.033019 0.050160 -0.012953 0.034982 
0.000000
0.216137 0.178142 0.176563 -0.010439 0.080742 -0.016220 0.166591 0.195231 0.043532 
0.000000
-0.032996 0.007089 0.006668 0.208976 0.007186 0.202973 -0.004354 0.021574 0.053957 
0.000000
0.394821 0.617194 0.907991 0.919911 0.422900 0.909250 0.903255 0.923301 0.066720 
1.000000
0.268104 0.044594 0.043480 0.054798 0.042573 -0.055934 0.032243 0.067632 0.024222 
0.000000
0.317973 -0.013174 -0.014102 0.188173 0.280281 -0.013634 0.170364 0.101273 0.044783 
0.000000
0.315680 0.180143 0.471614 -0.008694 0.082876 -0.014484 -0.026605 0.001299 0.044088 
0.000000
0.318636 -0.013029 -0.013957 -0.007438 0.085041 -0.013489 0.073103 0.101545 0.044922 
0.000000
0.697756 0.920181 0.917721 0.928104 0.529765 0.919962 0.914424 0.931867 0.069828 
1.000000
-0.226732 -0.135652 -0.139014 -0.116043 -0.035032 -0.159741 -0.057016 -0.111088 -0.014413 
0.000000
0.110656 0.707593 0.311523 -0.148420 0.703948 0.086289 0.099097 0.735952 0.855285 
1.000000
-0.212553 0.195401 -0.006055 0.031326 0.286763 0.353791 0.366007 0.222229 -0.052380 
1.000000
0.382530 -0.085286 0.103989 -0.157325 0.200067 -0.218519 0.180982 0.134868 0.250316 
1.000000
0.242137 -0.001598 -0.002015 0.004913 0.096756 -0.000175 -0.013335 0.110874 0.049350 
0.000000
-0.175856 -0.093749 -0.096332 -0.080009 0.002291 -0.112772 0.085697 -0.069052 0.003832 
0.000000
0.169985 0.557436 0.163336 0.774528 0.267809 0.532639 0.636632 0.779088 -0.009830 
1.000000
0.390879 0.030089 0.028501 0.232498 0.127094 0.032896 0.021723 0.040388 0.065634 
0.000000
-0.013715 -0.189254 -0.195754 0.034473 -0.098883 -0.225099 -0.019265 -0.164927 -0.050632 
0.000000
-0.152153 -0.075626 -0.077307 -0.066927 0.018269 -0.088734 0.103381 -0.055121 0.011465 
0.000000
0.855743 0.313561 0.409626 0.321113 0.215044 0.411913 0.595179 0.226815 0.060602 
1.000000
0.006550 -0.029638 -0.030691 -0.020040 0.067490 -0.028355 0.055648 0.088627 0.037880 
0.000000
0.278721 0.022166 0.021096 0.029471 0.118894 0.025277 0.206641 0.032098 0.061285 
0.000000
0.249247 0.002154 0.001735 0.008021 0.100257 0.003945 -0.009051 0.017038 0.051124 
0.000000
0.570836 0.315583 0.314567 0.226033 0.315347 0.900947 0.500451 0.816233 0.061694 
1.000000
0.261042 0.236116 0.430063 0.835693 0.039140 0.813206 0.222846 -0.033477 0.022813 
1.000000
0.016953 -0.168166 -0.173357 -0.145973 -0.075122 -0.201820 0.004689 -0.142125 -0.036226 
0.000000
0.135637 0.055322 0.054503 0.060849 0.052564 0.059030 0.149443 0.059673 0.075310 
0.000000
0.823757 0.780016 0.681456 0.593240 0.488848 0.291860 0.572951 0.895005 0.248295 
1.000000
0.468254 0.439512 0.243316 0.647092 0.829545 0.826901 0.720569 0.365366 0.224723 
1.000000
-0.052222 -0.148305 -0.152322 -0.126955 0.047339 -0.175680 -0.071053 -0.123786 -0.023779 
0.000000
0.234740 0.055997 0.055436 0.061522 0.151646 0.059700 0.150765 0.060347 0.075983 
0.000000
-0.152316 -0.075780 -0.077461 -0.067081 0.017985 -0.088889 0.005430 -0.055272 0.011321 
0.000000
0.342647 0.061786 0.061609 0.263200 0.158745 0.064427 0.059540 0.066141 0.079190 
0.000000
0.513874 0.600303 0.695227 0.221428 0.304947 0.776215 0.485243 0.624087 0.007863 
1.000000
0.059768 -0.138339 -0.142089 -0.119366 -0.038239 -0.064933 0.038203 -0.015534 -0.016888 
0.000000
0.671286 0.767512 0.763540 0.788213 0.085249 0.742290 0.750010 0.401407 -0.003794 
1.000000
0.365961 0.016016 0.015076 0.022803 0.112987 0.017487 0.003838 0.026606 0.058556 
0.000000
0.804294 0.672229 0.865760 -0.006228 0.184139 0.863097 0.367056 0.004268 0.045339 
1.000000
0.337043 -0.002028 -0.002444 0.199980 0.095938 -0.001117 -0.013770 0.012484 0.048935 
0.000000
0.680100 0.285857 0.477294 0.206320 0.188790 0.750005 0.562931 0.702732 -0.001651 
1.000000
0.237594 0.056930 0.251693 0.062843 0.250857 0.352249 0.054808 0.061021 0.076654 
0.000000
0.106776 0.021557 -0.178715 -0.052898 -0.082307 -0.208251 -0.100830 -0.148213 -0.040719 
0.000000
0.231856 -0.076937 -0.079134 -0.067976 0.016305 -0.091207 0.100637 -0.056418 0.010602 
0.000000
-0.040867 -0.208074 -0.214213 0.017843 -0.119748 -0.245083 -0.042516 -0.181576 -0.059303 
0.000000
0.061197 0.067440 0.262455 0.072969 0.235704 0.069023 0.164156 0.071151 0.104232 
0.000000
0.478304 0.024358 0.023933 0.031659 0.122127 0.028097 0.113249 0.034796 0.062922 
0.000000
0.465222 0.170767 0.167590 0.288997 0.174182 0.439650 0.445962 0.587913 0.090940 
0.000000
-0.288897 -0.179318 -0.184393 -0.155516 -0.089037 -0.214607 -0.108226 -0.155018 -0.046228 
0.000000
0.416439 0.145531 0.339198 0.051955 0.045734 0.051355 0.042634 0.053890 0.071585 
0.000000
0.327099 -0.007554 -0.008355 0.487176 0.187510 -0.007777 0.077180 0.006457 0.046588 
0.000000
-0.124788 -0.200715 -0.206971 -0.170089 -0.110523 -0.234962 -0.130029 -0.175039 -0.055094 
0.000000
0.042844 -0.074803 -0.076226 -0.066362 0.018966 -0.087653 0.104210 -0.054559 0.012669 
0.000000
0.453217 0.430500 0.136709 0.051207 0.331850 0.811747 0.514505 0.259733 0.518545 
1.000000
-0.026912 0.012776 0.012223 0.019822 0.011334 0.014905 0.000706 0.024022 0.056124 
0.000000
0.020626 0.176156 -0.020360 -0.011910 0.372154 -0.018068 -0.030344 -0.001259 0.043114 
0.000000
-0.034578 -0.061646 -0.061914 -0.050743 0.130698 -0.067444 0.021954 -0.037570 0.020592 
0.000000
0.415396 0.047593 0.241070 0.051683 0.143089 0.051084 0.237305 0.053619 0.071315 
0.000000
0.085774 0.008007 0.001630 0.133368 -0.097722 0.068332 -0.018099 0.130375 -0.049519 
1.000000
0.796200 0.726284 0.723960 0.831535 0.530815 0.240638 0.329993 0.051749 0.070098 
1.000000
0.571948 0.836142 0.347263 0.164314 0.641822 0.250367 0.238743 0.861515 0.228537 
1.000000
0.054454 0.160257 0.160011 0.068247 0.160328 0.065226 0.060734 0.066945 0.079993 
0.000000
0.083126 0.245554 0.244431 0.844737 0.342266 -0.046599 0.136211 0.171060 0.026883 
1.000000
0.482243 0.904586 0.903546 0.914823 0.319783 0.904447 0.603209 0.917448 0.063875 
1.000000
-0.280624 -0.174111 -0.081971 -0.151235 -0.082904 -0.111474 0.093643 -0.050707 -0.041022 
0.000000
-0.317863 -0.200544 -0.206799 -0.169921 -0.110220 -0.234786 -0.032058 -0.174871 -0.054940 
0.000000
0.070501 -0.199771 -0.206024 -0.169029 -0.109442 -0.233487 -0.128553 -0.173718 -0.054480 
0.000000
-0.137007 -0.066241 -0.065990 -0.054951 0.028720 -0.073057 0.114490 -0.042406 0.017343 
0.000000
0.094282 0.025314 0.219825 0.130360 0.123472 0.028917 0.114340 0.035488 0.063603 
0.000000
0.162369 0.497006 0.301048 0.896874 0.204032 0.204810 0.192441 0.315890 0.054894 
1.000000
0.243073 0.418392 0.417142 0.625849 0.415522 0.795289 0.207277 0.833399 0.313535 
1.000000
0.582119 0.113849 -0.086626 -0.155350 0.009149 -0.117184 0.087407 0.041077 0.847932 
1.000000
0.105718 -0.028146 -0.029329 -0.018937 0.068856 -0.026484 0.057405 -0.007465 0.038439 
0.000000
0.004268 -0.031388 -0.032313 -0.021144 0.066123 -0.030098 -0.043647 -0.010046 0.037058 
0.000000
0.606621 0.571210 0.667600 0.089457 0.278924 0.082911 0.364206 0.883125 0.044227 
1.000000
0.107794 0.070531 -0.028189 -0.018060 0.070387 -0.025608 0.058942 0.091367 0.039278 
0.000000
0.554036 0.823383 0.138798 0.053552 0.432091 0.232773 0.127363 0.849594 0.023523 
1.000000
0.662285 0.563394 0.559946 0.193204 0.763596 0.734143 0.546377 -0.095243 -0.007268 
1.000000
0.006723 0.030782 0.029195 0.037433 0.128436 0.033584 0.218528 0.041076 0.066313 
0.000000
0.622945 0.056525 0.153561 0.258065 0.152305 0.060096 0.151810 0.060617 0.076251 
0.000000
0.605170 0.714636 0.709998 0.739873 0.714509 -0.196685 0.498543 0.549343 0.662622 
1.000000
0.789407 0.855958 0.853903 0.475036 0.661815 0.269581 0.649059 0.387653 0.042009 
1.000000
0.277599 -0.046628 -0.047418 0.160668 0.049683 -0.045401 -0.057786 -0.023670 0.027166 
0.000000
0.310239 0.078216 0.076963 0.085822 0.078218 0.078908 0.164582 0.096433 0.142179 
0.000000
0.273988 0.605365 0.701096 0.222428 0.311604 0.896590 0.789053 0.030469 0.060192 
1.000000
0.016758 0.038015 0.036298 0.042994 0.135039 0.041168 0.129787 0.047273 0.068609 
0.000000
0.546425 0.426988 0.231183 0.831621 0.816597 -0.067140 0.120056 0.354587 0.020877 
1.000000
0.558660 0.681540 0.675066 0.518917 0.285469 -0.231394 0.460955 0.611903 -0.052839 
1.000000
0.570266 0.008435 0.294852 -0.062091 0.000465 0.166142 0.079998 0.718719 0.049968 
1.000000
0.443318 0.064814 0.064506 0.070861 0.202744 0.066539 0.160624 0.166876 0.102287 
0.000000
0.410577 -0.066987 0.026388 -0.142354 0.322149 -0.002612 0.399933 -0.136574 -0.032867 
1.000000
-0.128041 -0.058519 -0.059176 -0.047489 0.330382 -0.064324 0.122502 -0.034717 0.021589 
0.000000
-0.240221 -0.145597 -0.149351 -0.124660 0.051475 -0.074534 -0.067669 -0.121497 -0.021881 
0.000000
0.593277 0.523842 0.911787 0.433421 0.230933 0.914316 0.810166 0.926195 0.166999 
1.000000
0.189463 0.024637 0.024212 0.031936 0.122665 0.028502 0.016123 0.035073 0.063194 
0.000000
0.593083 0.586365 0.583175 0.308862 0.390798 -0.019589 0.179928 0.808711 0.299117 
1.000000
0.250962 0.065081 0.064773 0.071127 0.203384 0.066805 0.258816 0.069308 0.102612 
0.000000
0.682653 0.776209 0.772367 0.109687 0.777231 0.752156 0.663013 0.802973 -0.001214 
1.000000
0.267434 -0.053223 -0.054268 -0.043359 0.042292 -0.056084 0.129499 -0.030481 0.123284 
0.000000
0.408513 0.042486 0.040639 0.047342 0.139002 0.046001 0.134394 0.149449 0.069963 
0.000000
0.548067 0.383045 0.376506 0.317203 0.082876 0.636502 0.062664 -0.177267 0.043102 
1.000000
-0.033818 -0.135977 -0.139340 -0.116363 -0.035616 -0.160072 -0.155271 -0.111407 -0.014708 
0.000000
0.383380 0.220109 0.024351 0.032075 0.122934 0.028641 0.016263 0.035211 0.063330 
0.000000
0.252562 0.686801 0.588306 0.890938 0.297663 0.880049 0.577811 0.409743 0.051952 
1.000000
0.502274 0.918471 0.428667 0.436356 0.332536 0.918260 0.522562 0.930157 0.069286 
1.000000
-0.204195 -0.116082 -0.119182 -0.098187 -0.113450 -0.137309 0.061731 -0.092619 -0.005866 
0.000000
0.531742 0.243508 0.239351 0.168197 0.147411 0.214621 0.126093 0.073530 0.175931 
1.000000
0.330073 0.239108 0.039620 0.457461 0.140415 0.694760 0.414132 0.264841 0.371448 
1.000000
0.096566 -0.106472 -0.110087 0.106524 -0.106150 0.260540 -0.025514 -0.083031 -0.002365 
1.000000
0.655054 0.893567 0.892014 0.903420 0.601232 0.405308 0.296164 0.711175 0.653501 
1.000000
0.441978 0.002011 0.001593 0.007879 0.002227 0.003803 -0.009195 0.016897 0.050986 
0.000000
0.076340 0.016157 0.015217 0.022943 0.113258 0.017627 0.003980 0.026746 0.058693 
0.000000
0.266942 0.013892 0.013211 0.020936 0.110988 0.015887 0.197812 0.025002 0.057084 
0.000000
0.428210 0.044621 0.235404 0.164541 0.239150 0.696253 -0.170497 0.363647 0.074268 
1.000000
0.713113 0.604972 0.601911 0.029442 0.113080 0.198534 0.587078 0.529105 0.704461 
1.000000
0.474143 0.763391 0.759677 0.784349 0.278574 0.738430 0.551322 0.789535 0.491244 
1.000000
-0.053496 -0.074649 -0.076072 0.031798 0.019250 -0.087498 0.104624 -0.054408 0.012813 
0.000000
0.633409 0.735248 0.535814 0.366829 0.153154 0.220493 0.521354 0.763190 -0.020090 
1.000000
0.026565 -0.086587 -0.089170 -0.075176 0.008309 -0.103036 -0.006198 -0.063464 0.006355 
0.000000
0.570895 0.834832 0.833943 0.555417 0.836282 0.832564 0.530816 0.175356 0.724150 
1.000000
0.015463 -0.168835 -0.174028 -0.146890 -0.076441 -0.202505 0.003363 -0.142781 -0.036829 
0.000000
-0.097965 -0.034341 0.159672 -0.024347 0.061998 -0.033166 -0.047656 -0.013098 0.034842 
0.000000
-0.037633 -0.108384 -0.212056 -0.176161 -0.117567 -0.241884 -0.136706 -0.179953 -0.058009 
0.000000
0.246058 0.127707 0.224516 0.139033 0.222198 0.313275 0.209601 0.542067 0.016641 
0.000000
0.312943 0.104741 0.102022 0.315303 0.102569 0.767059 0.089129 0.325950 0.203777 
0.000000
0.180837 0.760270 0.756685 0.684259 0.374241 0.735949 0.451039 0.787069 0.390655 
1.000000
0.046650 -0.147648 -0.054065 -0.126309 -0.049243 -0.174882 -0.069869 -0.122882 -0.023184 
0.000000
0.393695 0.191532 0.480893 0.208109 0.093347 0.461721 0.468873 0.412432 -0.001069 
1.000000
0.403144 0.037878 0.036160 0.042857 0.134771 0.041031 0.129520 0.047136 0.068474 
0.000000
0.383517 0.841589 0.839408 0.854651 0.646765 0.839037 0.535655 0.865529 0.629097 
1.000000
-0.016977 0.018948 0.017362 0.025865 0.017392 0.020919 0.007170 0.030051 0.059782 
0.000000
0.642618 0.592027 0.688537 0.404189 0.397801 0.882286 0.775655 0.901813 0.053682 
1.000000
0.393107 0.030643 0.029056 0.037295 0.128168 0.033447 0.218130 0.040938 0.066177 
0.000000
0.280031 0.022446 0.021633 0.029879 0.021547 0.025555 0.109516 0.032375 0.061558 
0.000000
-0.204024 -0.115922 -0.119022 -0.098030 -0.113291 -0.137147 0.062151 -0.092462 -0.005719 
0.000000
0.328189 -0.007122 -0.007923 -0.001780 0.090574 -0.007347 -0.019919 0.006885 0.047004 
0.000000
-0.334934 -0.206567 -0.212705 -0.176668 -0.118484 0.631682 -0.040842 -0.180461 -0.058995 
0.000000
0.359066 0.012493 0.109410 0.900439 0.304322 0.403112 0.097828 0.023742 0.055849 
0.000000
0.515126 0.078514 0.078327 0.161157 0.249548 0.150018 0.076665 0.080432 0.436466 
0.000000
0.920233 0.938953 0.645499 0.751275 0.646475 0.063766 0.936706 0.946124 0.277061 
1.000000
-0.096191 -0.033750 -0.034416 -0.023629 0.063109 -0.032577 -0.046670 -0.012517 0.035403 
0.000000
0.275818 0.049793 0.048807 0.060254 0.145934 -0.046897 -0.059424 0.170249 0.026600 
0.000000
0.711377 0.798576 0.405245 0.126754 0.112252 0.779411 0.194938 0.136683 0.108037 
1.000000
-0.176023 -0.093906 -0.096489 -0.080164 0.002005 0.275557 0.280355 -0.069205 0.003688 
0.000000
0.195785 0.029285 0.027955 0.035939 0.126418 0.032483 0.020787 0.039069 0.065226 
0.000000
0.434867 -0.001741 -0.002158 0.200525 0.096483 -0.000318 -0.013480 0.012767 0.049211 
0.000000
0.250841 0.002582 0.099761 0.008448 0.101074 0.004370 -0.008618 0.017461 0.051538 
0.000000
-0.081733 0.318683 0.313148 0.342333 0.216533 0.671420 0.295545 0.541903 0.161427 
1.000000
0.351367 0.381195 0.179458 0.707004 0.374160 0.537517 0.158336 0.213140 0.240763 
1.000000
0.556253 0.387083 0.380682 0.027824 0.479259 0.156392 0.361299 0.121018 0.144955 
1.000000
0.350511 0.199659 0.101376 0.304345 0.102563 0.006236 -0.007123 0.018683 0.052227 
0.000000
-0.254718 -0.154940 -0.159349 -0.132916 0.135081 0.009061 -0.176046 -0.129996 -0.027345 
0.000000
0.089019 0.023660 0.022848 0.030834 0.120781 0.027405 0.111512 0.034104 0.062240 
0.000000
0.246589 0.001440 0.000893 0.007050 0.099154 0.003236 -0.010031 0.016333 0.050434 
0.000000
0.564331 0.464794 0.461413 0.290535 0.273485 0.732823 0.447774 0.589448 0.190992 
1.000000
0.061981 -0.238978 -0.246136 -0.203351 -0.137140 -0.282740 -0.049455 -0.207744 -0.067025 
0.000000
0.354054 0.671092 0.664341 0.508306 0.373794 0.630348 0.554975 0.406382 -0.059149 
1.000000
-0.206371 -0.118884 -0.121855 -0.099955 -0.017595 -0.139466 0.059954 -0.094771 -0.006829 
0.000000
0.279949 0.150762 0.150351 -0.032773 0.150668 0.151406 0.139743 0.174951 0.227076 
1.000000
0.334745 0.545394 0.544879 0.455005 0.642797 0.547269 0.640939 0.648945 0.275457 
1.000000
0.895560 0.241082 0.336696 0.442254 0.239256 0.923347 0.332866 0.052940 0.070639 
1.000000
0.416615 0.329135 0.129574 0.059110 0.229218 0.586236 0.014880 -0.132037 -0.029572 
1.000000
0.487902 0.677195 0.673422 0.304872 0.091450 0.265070 0.466328 0.507992 -0.001506 
1.000000
0.365684 0.267114 0.751212 0.777075 0.759017 0.729429 0.150857 0.781891 0.189279 
1.000000
0.906478 0.344810 0.246578 0.938877 0.246242 0.931304 0.634262 0.057451 0.172796 
1.000000
0.815870 0.093243 0.092373 0.001698 0.093667 0.482364 -0.016560 0.009963 0.147446 
1.000000
0.183183 -0.115763 -0.118862 -0.097872 -0.113131 -0.136985 0.062571 -0.092305 -0.005573 
0.000000
0.233181 0.055592 0.055031 0.061118 0.150851 0.059298 0.149972 0.059943 0.075579 
0.000000
0.420961 0.039287 0.034741 -0.134406 -0.061541 -0.089813 0.017917 -0.033002 -0.028561 
0.000000
-0.080243 -0.168333 -0.173525 -0.048260 -0.075419 -0.201991 -0.190813 -0.142289 -0.036377 
0.000000
-0.115582 -0.050643 -0.051302 -0.040520 0.044621 -0.051712 0.131703 -0.028430 0.025063 
0.000000
0.566761 0.411754 0.507880 0.909683 0.313330 0.898818 0.400762 0.227213 0.060738 
1.000000
0.346538 0.002296 0.001878 0.008163 0.100529 0.004087 -0.008907 0.017179 0.051262 
0.000000
0.329001 0.579162 0.773147 0.684556 0.482538 0.868193 0.664035 0.888853 0.047281 
1.000000
0.232904 -0.005916 -0.006460 0.195571 -0.006104 -0.005760 0.079087 0.008476 0.047419 
0.000000
0.708453 0.210697 0.208425 0.810012 0.403506 0.777528 0.290842 0.331251 0.008008 
1.000000
0.795388 0.860497 0.858441 0.576681 0.862525 0.857732 0.653871 0.096993 0.043393 
1.000000
0.030445 0.048267 0.047064 0.052227 0.046137 0.051625 0.140703 0.054162 0.071855 
0.000000
0.188891 0.254761 0.252989 0.070023 0.058611 0.157585 0.046357 -0.016591 0.032669 
0.000000
0.272772 0.896640 0.309628 0.612991 0.212766 0.894876 0.787324 0.910431 0.059645 
1.000000
0.182649 -0.044719 -0.044994 -0.032921 0.150259 -0.043243 0.041797 0.076711 0.028266 
0.000000
0.151674 0.248570 0.244415 0.367959 0.056404 0.708015 0.034425 -0.116849 -0.019645 
1.000000
0.181035 0.021886 0.020816 0.127070 0.118355 0.025000 0.011026 0.031820 0.061012 
0.000000
-0.003803 -0.037553 -0.039120 -0.027560 0.059167 -0.036363 0.047045 -0.016300 0.032951 
0.000000
0.458618 0.013469 0.012788 0.020385 0.110175 0.015466 0.196868 0.024582 0.056673 
0.000000
0.748609 0.238700 0.432000 0.249845 0.335003 0.816811 0.518438 -0.030777 0.023665 
1.000000
-0.087236 0.069815 0.166161 -0.018645 0.069280 -0.026192 0.057831 -0.007176 0.038719 
0.000000
0.449022 0.165639 0.165906 0.171767 0.237135 0.069554 0.067410 0.071684 0.228844 
0.000000
0.714896 0.932626 0.931452 0.941477 0.540949 0.932858 0.929209 0.939922 0.967870 
1.000000
0.223570 0.048131 0.046928 0.052091 0.143758 0.051490 0.140437 0.054026 0.071720 
0.000000
0.204015 -0.027282 -0.028336 -0.018206 0.070110 -0.025754 -0.038873 -0.006743 0.039138 
0.000000
-0.241132 -0.146476 -0.150360 -0.125274 -0.047809 0.215302 -0.166351 -0.121980 -0.022327 
0.000000
0.054588 0.062854 0.062676 0.264395 0.160591 0.065360 0.060868 0.067079 0.080127 
0.000000
0.678611 0.285025 0.281266 0.401375 0.090199 0.748527 0.464041 0.701386 0.097260 
1.000000
0.316944 0.729943 0.532680 0.247030 0.337805 0.924775 0.626526 0.053212 0.070910 
1.000000
0.289767 -0.034046 -0.034840 0.073954 0.062554 -0.032872 0.050438 -0.012807 0.035122 
0.000000
0.287275 0.025174 0.024490 0.032214 0.123203 0.028779 0.114070 0.035350 0.063467 
0.000000
0.226878 -0.008935 0.185330 0.190219 0.087721 -0.010568 -0.022524 0.005602 0.045755 
0.000000
0.390226 0.127487 0.125831 0.134223 0.029069 0.032758 0.119120 0.040250 0.065498 
0.000000
0.382328 0.024498 0.024072 0.031798 0.122396 0.125486 0.113519 0.034935 0.063058 
0.000000
0.001203 0.028352 0.027280 0.035395 0.125612 0.031555 0.214924 0.038526 0.064687 
0.000000
-0.127231 -0.132294 -0.135914 -0.113073 -0.031927 -0.155611 0.043761 -0.108511 -0.013037 
0.000000
0.207317 0.073511 0.072001 -0.015857 0.073115 -0.023027 0.061548 -0.004927 0.041312 
0.000000
0.447873 0.620809 0.522595 0.438343 0.227762 0.125982 0.606223 0.646981 0.317917 
1.000000
0.601893 0.029663 0.220051 -0.143234 0.711771 0.190349 0.008114 0.742938 0.065885 
1.000000
0.418141 0.341537 0.535325 0.738548 0.340200 0.051895 0.727231 0.936117 0.072125 
1.000000
-0.085315 0.070807 0.167154 -0.017914 0.070664 -0.025462 -0.038447 -0.006325 0.039418 
0.000000
0.701541 0.862498 0.860699 0.872059 0.864660 0.859468 0.851082 0.881674 0.043949 
1.000000
0.347204 0.064948 0.064640 0.070994 0.203064 0.066672 0.160887 0.069174 0.102449 
0.000000
0.039013 0.118549 0.311411 0.030184 0.114476 0.784201 0.491716 -0.056266 0.010745 
1.000000
0.306916 -0.021729 0.074428 -0.014206 0.075547 -0.021639 0.161780 -0.003545 0.042148 
0.000000
0.067274 -0.130808 -0.134429 -0.112495 -0.030569 -0.155282 0.044865 -0.107028 -0.012481 
0.000000
-0.058998 -0.007266 -0.008067 -0.001924 0.090301 -0.007490 -0.020065 0.006742 0.046865 
0.000000
0.380790 0.837860 0.836582 0.851306 0.839058 0.835323 0.630354 0.863490 0.924683 
1.000000
-0.083299 0.218579 0.408179 0.536559 0.507101 0.571341 0.391150 0.734623 0.556346 
1.000000
0.091308 0.839170 0.154707 0.852619 0.448824 0.836628 0.338410 -0.016883 0.329998 
1.000000
0.255691 0.089144 0.277745 0.120296 0.277223 -0.239281 0.061362 0.017897 -0.056693 
1.000000
-0.029962 0.009863 0.009054 0.016258 0.106947 0.011234 -0.001959 0.022664 0.055169 
0.000000
-0.111376 -0.048022 -0.048941 -0.037902 0.047767 -0.047046 -0.059576 -0.025828 0.026458 
0.000000
0.870167 0.950708 0.949407 0.932444 0.907160 0.909961 0.958644 0.914280 0.850996 
1.000000
-0.112459 -0.048968 -0.049628 -0.039107 0.046173 -0.048501 -0.060911 -0.026640 0.025913 
0.000000
0.483148 0.697919 0.692101 -0.155848 0.692034 0.464771 -0.011421 0.039286 -0.046532 
1.000000
0.068354 0.041473 0.040618 -0.044905 0.039702 -0.060588 0.028465 0.162749 0.023097 
0.000000
-0.115423 -0.050492 -0.051152 -0.040370 -0.052985 -0.051563 0.034447 -0.028283 0.025204 
0.000000
0.551188 0.189261 0.182731 0.025499 0.280204 0.347593 0.357351 0.705311 -0.055247 
1.000000
0.097793 -0.033307 -0.033972 0.270832 0.161699 -0.032136 0.051703 0.085884 0.035824 
0.000000
0.026143 -0.086742 -0.089326 -0.075331 0.008023 -0.103193 -0.104022 -0.063617 0.006211 
0.000000
0.226344 -0.009079 -0.010010 -0.005939 0.087447 -0.010712 -0.022670 0.005459 0.045616 
0.000000
0.537009 0.030451 -0.067737 -0.056570 0.320626 -0.075059 -0.082855 -0.044796 0.016784 
0.000000
0.109090 -0.074883 -0.177745 -0.149820 -0.080815 -0.207134 -0.000888 -0.147390 -0.039962 
0.000000
0.045657 -0.147976 -0.151992 -0.126632 -0.049830 -0.175217 -0.070332 -0.123205 -0.023482 
0.000000
0.641567 0.546294 0.737391 0.763925 0.354667 -0.160567 0.039050 -0.111885 0.877678 
1.000000
0.521074 0.215520 0.505524 -0.068129 0.113778 0.782733 0.100222 0.726114 0.109661 
1.000000
-0.230392 -0.205576 -0.211710 -0.175824 -0.116182 -0.241530 -0.135966 -0.179615 -0.057701 
0.000000
-0.043157 0.001583 0.098633 0.007193 0.099426 0.003377 0.087780 0.016474 0.050572 
0.000000
-0.094647 -0.032753 -0.033290 -0.022507 0.064755 -0.031843 -0.045277 -0.011661 0.036104 
0.000000
0.445905 0.358480 0.455565 0.071527 0.934635 0.067203 0.259734 0.559532 0.103101 
0.000000
0.246796 0.062055 0.061877 0.067712 0.159273 0.064694 0.157604 0.066409 0.079458 
0.000000
0.242138 0.059690 0.059256 0.064958 0.156514 0.063499 0.057442 0.064172 0.078124 
0.000000
-0.129833 -0.060545 -0.061072 -0.049126 0.034820 -0.066988 -0.074864 -0.036606 0.021020 
0.000000
0.516490 0.078778 0.078591 0.161629 0.388841 0.339785 0.077058 0.080696 0.437629 
0.000000
-0.315523 -0.199427 -0.010484 -0.168693 -0.108838 -0.233136 -0.225610 -0.173382 -0.054174 
0.000000
0.176135 0.684976 0.677988 -0.066088 0.483785 0.646921 0.367775 0.027670 0.146726 
1.000000
-0.060088 -0.007698 -0.008499 -0.003003 0.089350 0.089201 -0.020632 0.006315 0.046449 
0.000000
0.302695 0.170204 0.168755 -0.016699 0.072010 -0.023995 0.060697 -0.005633 0.040754 
0.000000
-0.144197 -0.146312 -0.150196 -0.125112 -0.047516 -0.173018 -0.068518 -0.121819 -0.022178 
0.000000
0.318116 0.047457 0.143207 0.051547 0.142823 0.050949 0.139373 0.053483 0.071180 
0.000000
0.115111 0.174412 0.075494 0.476249 0.174115 0.174309 0.162978 0.389250 0.042427 
0.000000
0.101309 0.164091 0.065433 0.077010 0.164287 -0.029952 -0.043498 0.088063 0.235866 
0.000000
0.162396 0.234630 0.233769 0.246683 0.428938 0.324829 0.513578 0.161361 0.021731 
0.000000
0.736518 0.619450 0.228959 0.241488 0.226657 0.805120 0.116656 0.841299 0.317096 
1.000000
0.047454 0.058647 0.058600 0.064301 0.155598 0.062975 0.056656 0.062739 0.077856 
0.000000
0.314216 0.922793 0.725137 0.440816 0.336093 0.046666 0.916652 0.052021 0.070369 
1.000000
0.340964 0.158921 0.353613 0.262280 0.157953 0.161149 0.156674 0.065739 0.078788 
0.000000
0.529828 0.155914 0.253269 0.064032 0.155069 0.062708 0.056257 0.062470 0.077588 
0.000000
0.599315 0.565480 0.661355 0.379035 0.859725 0.855464 0.554048 0.096016 0.042566 
1.000000
0.185379 0.023521 0.022708 0.030695 0.120511 0.027266 0.111242 0.033965 0.062103 
0.000000
0.471602 0.202653 0.488546 -0.160819 -0.098023 -0.029350 -0.116068 -0.163687 0.347141 
1.000000
0.384830 0.025453 0.025027 0.032621 0.123741 0.029056 0.114609 0.035627 0.063739 
0.000000
-0.049549 -0.147484 -0.151370 -0.126147 -0.048949 -0.174715 -0.167239 -0.122721 -0.023035 
0.000000
0.257524 0.330422 0.329622 0.049182 0.328914 0.808569 0.218571 0.159621 0.021304 
1.000000
0.418790 0.244394 0.145715 0.739590 0.438611 0.927283 0.728271 0.055733 0.171594 
1.000000
-0.132842 -0.063005 -0.063143 -0.051843 0.031706 -0.068671 0.117480 -0.038922 0.019772 
0.000000
0.329420 0.055457 0.249833 0.060984 0.150586 0.059164 0.149707 0.059808 0.075445 
0.000000
0.884747 0.076033 0.075847 0.157425 0.245642 0.146757 0.269901 0.176300 0.109226 
0.000000
0.612538 0.721033 0.716138 0.060860 0.719630 0.491510 0.504580 -0.131454 -0.029010 
1.000000
0.017037 0.038290 0.036573 0.043269 0.135573 0.041441 0.227988 0.047546 0.068880 
0.000000
-0.107786 -0.044869 -0.045143 -0.033069 0.052093 -0.043392 0.041517 -0.021401 0.028125 
0.000000
-0.008282 0.023381 0.022569 0.030556 0.022485 0.027128 0.208509 0.033827 0.061967 
0.000000
0.640068 0.749665 0.749008 0.659702 0.372679 0.942589 0.650790 0.168453 0.351187 
1.000000
0.525410 0.251464 0.250766 0.257671 0.249798 0.157084 0.541694 0.060482 0.076117 
0.000000
0.245384 0.322370 0.516383 0.628011 0.417171 0.798217 0.501670 0.247634 0.016497 
1.000000
0.287784 -0.107592 0.083988 -0.090348 -0.010162 -0.130101 0.070122 -0.084662 -0.002803 
0.000000
0.441759 0.941982 0.941190 0.950837 0.943947 0.162743 0.939997 0.948896 0.974269 
1.000000
-0.156404 -0.077632 -0.080217 -0.068283 0.015607 -0.092675 0.099807 -0.057756 0.010183 
0.000000
0.096916 -0.033898 0.062905 -0.023776 0.062832 -0.032725 0.050717 -0.012662 0.035263 
0.000000
0.191774 0.160585 0.061798 -0.024494 0.159478 -0.033313 0.049731 -0.013243 0.034701 
0.000000
0.313432 -0.016787 0.176966 -0.010294 0.081017 -0.016075 0.069330 -0.000296 0.043671 
0.000000
0.637834 0.446232 0.442071 0.173495 0.253993 0.710993 0.231840 0.472745 0.080937 
1.000000
0.354955 0.624088 0.525485 0.637504 0.427470 0.615377 0.609776 0.747818 0.021447 
1.000000
-0.076951 -0.019596 -0.020780 -0.012330 0.077943 -0.018487 0.066640 -0.001675 0.042705 
0.000000
0.817172 0.484180 0.385439 0.687890 0.387600 0.872152 0.667247 0.499930 0.048381 
1.000000
0.060547 0.067173 0.066993 0.072703 0.234988 0.068758 0.163501 0.070884 0.103907 
0.000000
0.141728 -0.148140 -0.152157 -0.126794 -0.050124 -0.078262 0.026909 0.072305 -0.023630 
0.000000
0.348663 0.100533 0.002577 0.008733 0.101618 0.004654 -0.008330 0.017743 0.051814 
0.000000
0.222528 0.047729 0.046268 0.051819 0.143355 0.051219 0.140034 0.053755 0.071450 
0.000000
0.095233 0.013661 0.203257 0.235331 0.006099 -0.022213 0.085383 0.723543 -0.046837 
1.000000
0.117391 -0.091576 -0.094158 -0.078354 0.003824 -0.109825 0.087880 0.422550 0.004412 
0.000000
-0.056019 -0.150875 -0.155152 -0.129642 -0.054805 -0.179168 0.024410 -0.126339 -0.025216 
0.000000
-0.058186 -0.006978 -0.007779 -0.001637 -0.007039 -0.007203 -0.019773 0.007027 0.047142 
0.000000
0.259956 -0.006501 -0.110364 0.710215 0.181627 0.638011 0.161327 0.116965 0.242209 
1.000000
0.153679 0.002439 0.002021 0.008306 0.100801 0.004229 -0.008762 0.017320 0.051400 
0.000000
0.108357 0.852411 0.655547 0.570274 0.462486 0.752687 0.743030 0.189750 0.734897 
1.000000
-0.121818 -0.199256 -0.205249 -0.168526 -0.206422 -0.232960 -0.127769 -0.173213 -0.054020 
0.000000
0.170857 0.209506 0.013493 0.021217 0.111529 0.016167 0.003023 0.025281 0.057359 
0.000000
-0.096036 -0.033602 -0.034268 -0.023482 0.063387 -0.032430 0.051146 -0.012372 0.035543 
0.000000
0.392454 0.030505 0.028917 0.037157 0.127900 0.033309 0.217733 0.040800 0.066041 
0.000000
0.060202 -0.010072 -0.016341 0.020359 -0.115879 -0.046852 0.059672 0.114449 -0.057547 
1.000000
-0.188349 -0.102943 -0.106170 -0.086483 -0.103906 -0.123257 0.076598 -0.078866 -0.001360 
0.000000
-0.231784 -0.206395 -0.114934 -0.176499 -0.118178 -0.242237 -0.040399 -0.180292 -0.058841 
0.000000
0.056147 0.162217 0.064372 0.266482 0.202423 0.066406 0.160361 0.068778 0.102124 
0.000000
-0.083267 0.073089 -0.025890 0.179606 0.072563 -0.023318 -0.036544 0.092620 0.041033 
0.000000
0.379710 0.023939 0.023385 0.031242 0.121319 0.027682 0.209847 0.034381 0.062513 
0.000000
0.330332 0.055727 0.055166 0.061253 0.151116 0.059432 0.150236 0.060078 0.075714 
0.000000
0.350958 0.067307 0.067126 0.072836 0.235346 0.068891 0.261430 0.071018 0.104070 
0.000000
0.316224 0.032302 0.125739 0.153160 0.030634 -0.002014 0.011285 -0.037377 0.564355 
1.000000
-0.234676 -0.043749 -0.047699 -0.121268 -0.041061 -0.165915 -0.062817 -0.116688 -0.019497 
0.000000
0.692096 0.198079 0.097564 0.016575 0.098746 0.759889 0.278558 0.125593 0.102311 
1.000000
0.194863 0.126157 0.125017 0.133540 0.125881 0.031693 0.312989 0.136628 0.064823 
0.000000
0.808631 0.284351 0.185877 0.876816 0.284043 0.864973 0.856763 0.005887 0.046033 
1.000000
0.698662 0.201864 0.199077 0.804019 0.004396 0.765745 0.283787 0.129608 0.203370 
1.000000
-0.177491 -0.168668 -0.173860 -0.048718 0.021743 -0.202334 -0.093875 -0.142617 -0.036678 
0.000000
-0.019557 -0.122552 -0.125524 -0.103348 -0.022171 -0.144178 0.054455 -0.098155 -0.008688 
0.000000
0.135373 0.250260 0.054368 0.060714 0.150185 0.058896 0.149178 0.059538 0.075176 
0.000000
0.502304 0.785557 0.782361 0.606480 0.296523 0.762927 0.477195 0.617009 0.004122 
1.000000
0.141745 0.057844 0.057669 0.063629 0.154275 0.450795 0.055852 0.062067 0.077185 
0.000000
0.061330 0.067573 0.262846 0.073102 0.236062 0.069156 0.164418 0.071284 0.104395 
0.000000
-0.131049 -0.061494 -0.061762 -0.050593 0.033222 -0.067292 -0.075429 -0.037421 0.020735 
0.000000
0.164590 0.064685 0.060929 0.083679 0.361269 0.720136 0.045287 -0.106869 -0.012334 
1.000000
0.450700 0.948270 0.947603 0.760337 0.654656 0.458952 0.654839 0.954931 0.105847 
1.000000
-0.285042 -0.177572 -0.182129 -0.154428 -0.086377 -0.211429 -0.007634 -0.053897 -0.043372 
0.000000
0.433844 0.058512 0.058466 0.064167 0.155333 0.062842 0.154058 0.062605 0.077722 
0.000000
-0.125324 -0.056344 -0.057130 -0.045055 0.039421 -0.060739 0.125720 -0.033329 0.022955 
0.000000
0.324172 -0.008791 -0.009463 -0.005392 0.087996 -0.010424 -0.022378 0.005744 0.045894 
0.000000
0.724903 0.644777 0.351528 0.358456 0.449522 0.257609 0.447455 0.944557 0.077990 
1.000000
-0.063447 0.038698 -0.063317 -0.134732 -0.062132 0.006328 0.017322 -0.131291 -0.028861 
0.000000
-0.122090 -0.127742 -0.131489 -0.109825 -0.125385 -0.150661 0.048338 -0.105012 -0.011451 
0.000000
-0.170849 0.030087 0.123136 0.150951 -0.069991 0.191034 -0.089124 0.254442 -0.033168 
1.000000
0.139182 -0.150123 0.041054 -0.128768 -0.052499 -0.177507 -0.072496 -0.125207 -0.024637 
0.000000
0.410325 0.043663 0.041815 0.048651 0.140053 0.046530 0.037520 0.051885 0.070234 
0.000000
-0.262054 0.327052 0.518011 0.742823 0.520788 0.680493 0.207601 0.452902 -0.030564 
1.000000
0.261120 0.011049 0.010369 0.016929 0.009733 0.012673 0.096768 0.022944 0.055444 
0.000000
0.437701 0.538393 0.436564 0.169943 0.738172 0.703931 0.421640 0.565484 0.574422 
1.000000
-0.098660 -0.034895 0.158990 -0.024641 -0.036444 -0.033460 0.049452 -0.013389 0.034561 
0.000000
-0.231468 -0.206222 -0.212229 -0.176330 -0.117873 -0.242060 -0.238972 -0.180122 0.338650 
0.000000
-0.175821 -0.167832 -0.173022 -0.145644 -0.074527 -0.201478 0.005417 -0.141798 -0.035924 
0.000000
0.002898 -0.178593 -0.183925 -0.155185 -0.088309 -0.214133 -0.009699 -0.154428 -0.044745 
0.000000
-0.226906 -0.135815 -0.139177 -0.116203 -0.035324 -0.159907 0.040227 -0.111248 -0.014561 
0.000000
0.387396 0.284350 0.378060 0.106939 0.089782 0.552966 0.463106 0.211019 -0.002220 
1.000000
0.686780 0.193681 0.288363 0.307748 0.290757 0.755622 0.178418 -0.074988 -0.000501 
1.000000
0.573633 0.303233 0.297039 0.038098 0.101192 0.168978 -0.015212 0.328782 -0.047992 
1.000000
0.163348 0.746862 0.742628 0.083101 0.555684 -0.155446 0.239516 0.773332 0.185778 
1.000000
0.172961 -0.098455 -0.201981 -0.166058 -0.203144 -0.231218 0.364367 -0.170613 -0.052686 
0.000000
0.220926 0.499720 0.496728 -0.074868 0.302539 0.578030 0.092170 0.230736 0.006644 
0.000000
0.268775 0.240205 0.434151 0.447105 0.238626 0.819470 0.227857 0.165874 0.024364 
1.000000
0.330196 -0.005772 -0.006316 -0.000041 0.091927 -0.005617 -0.018304 0.008619 0.047558 
0.000000
0.077630 -0.122391 -0.125364 -0.103190 -0.021881 -0.144015 0.054876 -0.097998 -0.008541 
0.000000
-0.230684 -0.138501 -0.142252 -0.021649 -0.136288 0.031894 -0.157295 -0.113658 0.578183 
0.000000
0.888885 0.956215 0.955415 0.928747 0.526008 0.906066 0.369144 0.373807 0.436066 
1.000000
0.675800 0.381055 0.182161 0.106108 0.773507 0.745474 0.656956 0.797332 -0.002511 
1.000000
0.036349 -0.056650 -0.158723 -0.132299 -0.059547 -0.087298 0.020306 -0.129509 -0.026897 
0.000000
-0.033631 -0.203295 -0.209426 -0.173169 -0.113503 -0.239104 -0.133407 -0.177605 -0.056539 
0.000000
0.718844 0.315191 0.508433 0.129240 0.116439 0.494923 0.103795 0.140960 0.706948 
1.000000
0.200382 0.030921 0.029333 0.037572 0.128704 0.033722 0.121260 0.041213 0.066449 
0.000000
