179 13 3
0.788855 0.348820 0.554187 0.731094 0.677305 0.394686 0.187959 0.323660 0.201742 0.887339 0.266397 0.521362 0.526519 
0 0 1 
0.292097 -0.064539 0.070162 0.129450 0.566066 0.134237 0.047370 -0.084441 0.386904 -0.012689 0.305765 0.359730 0.379113 
0 1 0 
0.604683 0.231643 0.452545 0.662825 0.586004 0.152349 0.355883 0.091589 0.123229 0.277997 0.221168 0.223063 0.451289 
0 0 1 
0.585577 0.637864 0.503219 0.570345 0.530401 0.228965 0.047865 0.316614 0.119348 0.149021 0.287284 0.202698 0.648897 
0 0 1 
0.803785 0.465545 0.578480 0.690972 0.805041 0.538068 0.191305 0.322080 0.255537 0.450189 0.463606 0.494632 0.734357 
0 0 1 
0.203414 -0.047263 0.246066 -0.012844 0.197741 0.189777 0.221317 0.039646 0.033810 0.048193 0.150117 0.181680 0.268064 
1 0 0 
0.829070 0.372210 0.640604 0.897430 0.820451 0.448179 0.408821 0.240017 0.641943 0.759299 0.384942 0.542664 0.847128 
0 0 1 
0.540830 0.553451 0.437961 0.578668 0.426640 0.426080 0.626290 0.216616 0.284185 0.041565 0.301599 0.584605 0.462973 
0 1 0 
0.315757 0.005310 0.209320 0.206838 0.303457 0.360798 0.292079 -0.052080 0.349755 0.214661 0.142544 0.308593 0.559317 
1 0 0 
0.423647 0.028420 0.258433 0.312867 0.719083 0.358950 0.273126 0.094454 0.632886 0.001683 0.308075 0.339926 0.717931 
0 1 0 
0.732502 0.769029 0.498955 0.686561 0.663492 0.376057 0.182751 0.401991 0.386777 0.501004 0.217972 0.356170 0.727479 
0 0 1 
0.465295 0.076750 0.226714 0.396266 0.364704 0.339090 0.226939 0.103554 0.205082 0.037598 0.273038 0.584049 0.496279 
0 1 0 
0.266765 -0.028144 0.252843 0.185205 0.260991 0.129490 0.123129 0.166541 0.012593 -0.013694 0.369364 0.150852 -0.005089 
0 1 0 
0.689350 0.123384 0.435057 0.610300 0.741665 0.297370 0.152064 0.332981 0.337145 0.475621 0.203399 0.379168 0.626880 
0 0 1 
0.257743 -0.002518 0.087600 -0.071494 0.137698 0.261734 0.367317 -0.083146 0.451456 0.272727 0.193189 0.262835 0.520009 
1 0 0 
0.689567 0.345136 0.531786 0.669715 0.801293 0.290288 0.585163 0.083720 0.286299 0.703561 0.133392 0.343475 0.435137 
0 0 1 
0.463802 0.210486 0.302447 0.451584 0.408979 0.203852 0.214060 0.386669 0.191935 0.020881 0.195520 0.525671 0.095061 
0 1 0 
0.541801 0.372959 0.265077 0.296640 0.381555 0.226273 0.130843 0.214434 0.085474 0.087759 0.219886 0.294915 0.196994 
0 1 0 
0.111734 -0.074620 0.121027 0.016992 0.058904 0.122449 0.131350 -0.045280 0.029271 -0.026750 0.119054 0.318827 0.280200 
1 0 0 
0.458196 0.009134 0.198744 0.316545 0.376736 0.131852 0.120049 0.075592 0.167808 -0.002058 0.267810 0.390230 0.362368 
0 1 0 
0.083232 -0.098549 0.020405 -0.123422 0.171076 0.116600 0.190660 -0.063713 0.176647 0.045741 0.040149 0.285320 0.191784 
1 0 0 
0.324098 0.289608 0.136204 0.033596 0.184998 0.366947 0.337237 -0.005272 0.261714 0.090384 0.149174 0.370326 0.440469 
1 0 0 
0.163159 -0.034395 0.077387 -0.025195 0.092335 0.148466 0.221752 -0.038412 0.084227 -0.038063 0.125450 0.381718 0.289583 
1 0 0 
0.715047 0.220021 0.610058 0.800625 0.839608 0.504750 0.557977 0.101482 0.383514 0.431385 0.220376 0.295018 0.375711 
0 0 1 
0.811248 0.551759 0.609669 0.830017 0.861051 0.500249 0.464302 0.274657 0.597406 0.899230 0.429969 0.444152 0.772524 
0 0 1 
0.389962 0.015208 0.202501 0.375586 0.184137 0.148891 0.154480 0.026767 0.028457 0.057658 0.180201 0.302205 0.140800 
0 1 0 
0.176325 -0.076202 0.050499 -0.051083 0.238253 0.229397 0.269418 -0.066144 0.180966 0.095941 0.111894 0.311359 0.115602 
1 0 0 
0.171796 -0.036853 0.147687 0.066371 0.185608 0.170981 0.251391 0.002583 0.139191 0.126199 0.093328 0.070235 0.385391 
1 0 0 
0.752692 0.469778 0.592680 0.773163 0.801669 0.472576 0.222294 0.410269 0.337803 0.425822 0.431715 0.602416 0.607989 
0 0 1 
0.241092 -0.028224 0.125359 0.021341 0.255671 0.324949 0.342761 0.044979 0.285674 0.169787 0.097476 0.333694 0.221553 
1 0 0 
0.364760 0.028748 0.259911 0.407235 0.250102 0.162223 0.153105 0.175396 0.188359 -0.019550 0.364335 0.226953 0.220095 
0 1 0 
0.327736 -0.091054 0.164163 0.254144 0.207410 0.302689 0.246086 0.060725 0.143845 -0.023697 0.373757 0.405715 -0.029893 
0 1 0 
0.445563 0.189349 0.342610 0.405804 0.461594 0.428375 0.258244 0.118073 0.159505 0.025110 0.163836 0.533870 0.225093 
0 1 0 
0.707365 0.696246 0.472333 0.564417 0.584134 0.427414 0.224460 0.272529 0.197708 0.203631 0.405041 0.533435 0.483104 
0 0 1 
0.846617 0.786335 0.620596 0.883107 0.822461 0.557165 0.387314 0.280779 0.611869 0.654866 0.373975 0.526525 0.872093 
0 0 1 
0.376438 0.070093 0.274459 0.277385 0.206132 0.127940 0.124527 0.254768 0.215220 -0.019246 0.262760 0.242072 0.218163 
0 1 0 
0.409892 0.386657 0.253511 0.385894 0.209830 0.123228 0.129575 0.321303 0.196761 0.151695 0.142557 0.160005 0.232584 
0 1 0 
0.862496 0.891472 0.608982 0.779307 0.760058 0.509201 0.272180 0.361410 0.425980 0.688949 0.324833 0.572688 0.855282 
0 0 1 
0.322663 -0.005876 0.153312 0.070076 0.311713 0.270000 0.311347 -0.044965 0.141332 0.182416 0.114088 0.344093 0.508036 
1 0 0 
0.781115 0.596268 0.518509 0.600440 0.634604 0.396014 0.301364 0.292361 0.392028 0.587008 0.199601 0.416431 0.453805 
0 0 1 
0.425106 0.024638 0.265177 0.360499 0.205704 0.078236 0.119820 0.306990 0.214192 0.031791 0.213804 0.199272 0.239703 
0 1 0 
0.842626 0.869114 0.560165 0.768718 0.976386 0.480198 0.340272 0.281533 0.582666 0.932296 0.310107 0.529069 0.978210 
0 0 1 
0.409346 -0.010353 0.307792 0.403732 0.175039 0.405885 0.338133 -0.024102 0.235043 0.029368 0.345338 0.386206 0.075560 
0 1 0 
0.393778 -0.073805 0.239404 0.239144 0.302057 0.261821 0.196971 0.066447 0.161692 -0.007947 0.317972 0.430847 0.169412 
0 1 0 
0.318023 0.003767 0.189691 -0.013893 0.260920 0.527226 0.458811 0.043696 0.199051 0.266685 0.149390 0.350761 0.558895 
1 0 0 
0.356042 -0.062673 0.093342 0.145890 0.193289 0.173932 0.125947 0.056340 -0.065397 0.046418 0.267586 0.197628 0.268023 
0 1 0 
0.622045 0.523331 0.433456 0.514088 0.750062 0.247020 0.215928 0.120302 0.237363 0.489988 0.235486 0.518385 0.833008 
0 0 1 
0.134400 0.001129 0.304720 0.258802 0.243800 0.161959 0.192713 0.131804 0.147825 -0.049752 0.141521 0.237994 0.164979 
1 0 0 
0.160666 -0.094967 -0.017489 -0.151693 0.017072 0.144163 0.198700 -0.042733 0.120089 0.031426 0.077108 0.085761 0.211624 
1 0 0 
0.275471 -0.080843 0.156548 0.181775 0.153464 0.517332 0.366816 -0.050304 0.219156 0.096539 0.265546 0.295027 0.058490 
0 1 0 
0.375477 0.020070 0.302607 0.400962 0.239656 0.093430 0.080286 0.239403 0.214713 0.071403 0.251540 0.332255 0.189020 
0 1 0 
0.181410 -0.072529 0.054131 -0.221734 -0.003202 0.227409 0.342265 0.080938 0.339017 0.058210 0.164759 0.077496 0.294713 
1 0 0 
0.211667 -0.021497 0.134230 0.146598 0.132814 0.209043 0.273328 -0.028069 0.155762 0.083449 0.125806 0.336659 0.293410 
1 0 0 
0.598959 0.069353 0.424264 0.438311 0.770009 0.254708 0.432622 0.038890 0.155586 0.154683 0.283620 0.196550 0.523440 
0 0 1 
0.731552 0.417013 0.567604 0.737357 0.865314 0.264805 0.626768 0.065970 0.281394 0.535856 0.204494 0.279799 0.454683 
0 0 1 
0.258981 -0.089203 0.178631 0.074682 0.229446 0.156646 -0.004353 0.310684 -0.146726 0.003144 0.271966 0.011381 0.312357 
0 1 0 
0.106662 -0.014667 0.090106 -0.037438 0.160511 0.096272 0.110442 -0.027704 -0.063241 0.018121 0.065835 0.238760 0.356090 
1 0 0 
0.022667 -0.085630 -0.049453 -0.264130 0.009394 0.086385 0.138814 -0.078714 -0.071542 -0.046046 0.047025 0.177842 0.186398 
1 0 0 
0.369225 0.381565 0.262193 0.387049 0.296195 0.399183 0.296734 0.167374 0.270804 -0.019549 0.287714 0.404511 0.164694 
0 1 0 
0.122603 -0.061564 0.046295 -0.138016 0.003473 0.070855 0.109810 -0.037566 0.115675 0.030883 0.045788 0.234740 0.348827 
1 0 0 
0.227106 -0.008833 0.084690 0.059715 0.208272 0.304405 0.300988 0.000423 0.217715 0.096640 0.074638 0.341864 0.301624 
1 0 0 
0.885778 0.370537 0.614627 0.755148 0.722713 0.506716 0.343595 0.288258 0.518503 0.873204 0.307531 0.557437 0.755711 
0 0 1 
0.335565 0.039849 0.341115 0.521319 0.240886 0.198501 0.140067 0.151684 0.135564 -0.007314 0.379949 0.448501 0.294515 
0 1 0 
0.257162 -0.115958 -0.055774 -0.103474 0.146483 0.137101 -0.099975 0.019066 -0.145024 -0.096314 0.181595 0.043663 0.147047 
0 1 0 
0.316701 0.040906 0.172396 0.130782 0.198109 0.262104 0.297552 0.038713 0.314256 0.191971 0.166615 0.219103 0.445157 
1 0 0 
0.363636 0.102519 0.275814 0.275159 0.322153 0.482074 0.269270 -0.030938 0.151349 0.048902 0.305970 0.412696 0.084370 
0 1 0 
0.337370 -0.096625 0.049626 0.061384 0.108025 0.400142 0.388277 0.011450 0.327311 0.164961 0.228745 0.375202 0.149937 
0 1 0 
0.558186 0.110767 0.412730 0.664279 0.487404 0.458593 0.714763 0.198640 0.456672 0.004827 0.365597 0.606502 0.190485 
0 1 0 
0.553628 0.091122 0.403524 0.517825 0.463224 0.605743 0.764771 0.188081 0.410477 0.137971 0.228483 0.606593 0.196656 
0 1 0 
0.840588 0.532600 0.594616 0.772990 0.981899 0.505291 0.333742 0.372765 0.642756 0.931351 0.320017 0.558047 0.989703 
0 0 1 
0.143844 0.158223 0.117785 -0.079973 0.172778 0.159080 0.241013 -0.125596 0.069356 0.052750 0.052307 0.232320 0.155380 
1 0 0 
0.024808 0.009591 0.087523 -0.020575 0.018979 0.123161 0.229123 -0.043955 0.310752 0.052911 0.040674 0.132244 0.270224 
1 0 0 
0.450521 0.243901 0.485382 0.409825 0.542710 0.241790 0.262453 0.352819 0.139263 0.111156 0.370385 0.363903 0.446955 
0 1 0 
0.415747 0.073654 0.199080 0.358287 0.368924 0.415612 0.174323 0.143994 0.188453 -0.029010 0.227166 0.320908 0.201748 
0 1 0 
0.764506 0.502113 0.531682 0.641314 0.806541 0.376518 0.297529 0.245114 0.329465 0.401316 0.304533 0.510126 0.736708 
0 0 1 
0.457018 0.080348 0.267332 0.352785 0.332130 0.198079 0.250407 0.151072 0.245855 0.074289 0.258920 0.499284 0.318539 
0 1 0 
0.319695 0.029532 0.258519 0.089816 0.289323 0.363781 0.288713 0.103058 0.154130 0.213491 0.204450 0.278457 0.698229 
1 0 0 
0.535615 0.543417 0.514050 0.672538 0.576703 0.425444 0.464565 0.218412 0.356559 -0.005191 0.371673 0.544757 0.201890 
0 1 0 
0.463867 0.012373 0.227255 0.360580 0.436588 0.390505 0.255637 0.170245 0.361585 0.024736 0.200641 0.470845 0.099981 
0 1 0 
0.496066 0.201574 0.293272 0.440194 0.417404 0.450980 0.304266 0.062568 0.188261 -0.024148 0.223136 0.425399 0.124600 
0 1 0 
0.422330 0.409845 0.202573 0.385065 0.566300 0.614364 0.358598 0.044621 0.739741 0.041889 0.155498 0.429247 0.390220 
0 1 0 
0.203437 -0.079212 0.190599 0.194215 0.119997 0.260476 0.309197 -0.010284 0.273287 0.117580 0.179714 0.144269 0.484606 
1 0 0 
0.304050 0.220142 0.213857 0.209273 0.355350 0.124472 0.069176 0.164986 0.017689 -0.016087 0.182282 0.258322 0.196718 
0 1 0 
0.676481 0.653925 0.519697 0.634282 0.552927 0.346734 0.153703 0.276053 0.152687 0.454914 0.167377 0.475351 0.585088 
0 0 1 
0.313717 -0.013859 0.231820 0.087405 0.153153 0.204381 0.319157 -0.040485 0.300716 0.156098 0.248412 0.372252 0.608288 
1 0 0 
0.475008 0.157876 0.588583 0.735836 0.708883 0.645627 0.835131 0.251410 0.401846 0.285248 0.376196 0.665945 0.312521 
0 1 0 
0.271778 0.005546 0.202053 -0.011459 0.164377 0.353710 0.397557 -0.093403 0.131351 0.121757 0.070737 0.382638 0.447095 
1 0 0 
0.608267 0.772199 0.534256 0.719159 0.591028 0.351870 0.115147 0.402720 0.216042 0.236470 0.335138 0.339256 0.420624 
0 0 1 
0.283793 -0.046200 0.115916 0.103689 0.226759 0.151919 0.055187 0.229190 -0.093738 0.189762 0.155265 -0.004919 0.082813 
0 1 0 
0.727488 0.452956 0.482418 0.552417 0.695703 0.389490 0.296755 0.400057 0.484272 0.689642 0.188847 0.362348 0.662354 
0 0 1 
0.696081 0.399501 0.572094 0.686407 0.620228 0.292528 0.080881 0.297092 0.047223 0.198163 0.390014 0.533970 0.445734 
0 0 1 
0.431666 -0.066779 0.382719 0.447889 0.425993 0.437751 0.260605 0.200828 0.257133 0.058912 0.315154 0.322867 0.254312 
0 1 0 
0.479743 0.038777 0.385708 0.503293 0.397592 0.462009 0.313510 0.210379 0.139769 0.046726 0.242092 0.528224 0.201410 
0 1 0 
0.686138 0.475195 0.422273 0.608150 0.674192 0.284305 0.100614 0.240237 0.289893 0.178724 0.204048 0.405413 0.810033 
0 0 1 
0.377632 -0.101699 0.080196 0.137613 0.192512 0.178047 0.196933 0.006252 0.142664 0.127711 0.281509 0.246228 0.079175 
0 1 0 
0.637731 0.358016 0.531942 0.691728 0.639742 0.512835 0.117729 0.319748 0.126615 0.234740 0.384841 0.491719 0.512750 
0 0 1 
0.298558 -0.015455 0.098811 0.036506 0.182346 0.336981 0.380292 -0.053781 0.251961 0.182031 0.094019 0.348928 0.386630 
1 0 0 
0.414977 0.059347 0.312906 0.473200 0.409460 0.438582 0.293617 0.288006 0.430658 -0.026783 0.587887 0.457906 0.228839 
0 1 0 
0.780765 0.198379 0.600293 0.779305 0.647664 0.680507 0.530220 0.337783 0.726233 0.885906 0.203803 0.475115 0.655396 
0 0 1 
0.604777 0.341584 0.449508 0.514202 0.629871 0.194798 0.419693 0.065231 0.121970 0.253439 0.272188 0.240185 0.413855 
0 0 1 
0.341814 -0.054693 0.298387 0.432842 0.164108 0.205983 0.126267 0.145881 0.140311 -0.043461 0.347527 0.320538 0.351506 
0 1 0 
0.279260 0.336192 0.172584 -0.078971 0.318930 0.287988 0.294317 -0.072447 0.218442 0.090756 0.068983 0.364187 0.193021 
1 0 0 
0.604180 0.262316 0.405680 0.476275 0.566628 0.297618 0.142980 0.400615 0.162524 0.388995 0.272413 0.299787 0.616096 
0 0 1 
0.514421 0.078058 0.315481 0.515440 0.603216 0.321975 0.282361 0.136885 0.316021 -0.013204 0.428127 0.485310 0.164140 
0 1 0 
0.159018 -0.039243 0.147148 0.092021 0.068315 0.136587 0.177451 -0.027270 0.080986 -0.055726 0.134681 0.365478 0.171763 
1 0 0 
0.710542 0.431153 0.494882 0.638498 0.605328 0.416848 0.211028 0.259956 0.278074 0.515436 0.175342 0.391175 0.617445 
0 0 1 
0.428084 0.023201 0.421660 0.398463 0.456905 0.494268 0.418122 0.086198 0.465913 0.022117 0.246382 0.529436 0.519932 
0 1 0 
0.298831 -0.073749 0.223785 0.302154 0.277972 0.520179 0.213564 -0.087194 0.186364 0.020989 0.189004 0.389953 0.598315 
0 1 0 
0.699395 0.542827 0.492244 0.642714 0.779344 0.265870 0.532834 0.167259 0.244791 0.591940 0.189908 0.288563 0.507986 
0 0 1 
0.379355 0.053392 0.217278 0.250875 0.210358 0.252017 0.297435 0.028645 0.230168 0.081936 0.279183 0.413819 0.436859 
0 1 0 
0.601934 0.438501 0.444430 0.577113 0.655125 0.316321 0.413884 0.007345 0.127669 0.227970 0.301899 0.202658 0.500271 
0 0 1 
0.307960 0.047100 0.271075 0.092762 0.225380 0.377846 0.379493 0.041570 0.158723 0.201072 0.186315 0.272087 0.685087 
1 0 0 
0.340498 -0.083876 0.145970 0.102892 0.506776 0.170456 0.167216 0.099835 0.469019 0.041050 0.228315 0.212839 0.466380 
0 1 0 
0.236136 0.316859 0.080445 0.109130 0.093643 0.171819 0.234397 -0.011735 0.074698 0.034080 0.081931 0.250044 0.399271 
1 0 0 
0.208762 -0.024753 0.191388 0.094206 0.190537 0.127934 0.188782 -0.004542 0.074161 0.014472 0.149934 0.194943 0.416196 
1 0 0 
0.311245 -0.004081 0.142699 0.088502 0.232389 0.294309 0.413423 0.040017 0.242534 0.396168 0.190899 0.303020 0.594868 
1 0 0 
0.384684 0.126529 0.397585 0.402223 0.667344 0.142788 0.041468 -0.053853 0.208905 -0.004703 0.217532 0.257607 0.415984 
0 1 0 
0.361904 0.018302 0.296318 0.575675 0.506899 0.496894 0.347902 -0.021890 0.261082 0.030062 0.327753 0.471322 0.664053 
0 1 0 
0.198556 -0.051985 0.108251 0.087338 0.154211 0.232569 0.301242 -0.066974 0.169299 0.209550 0.138089 0.186750 0.641112 
1 0 0 
0.161424 -0.042182 0.157264 -0.027099 0.057414 0.214282 0.242719 0.025506 0.033426 0.042897 0.051315 0.246417 0.408892 
1 0 0 
0.122919 -0.056275 0.139020 -0.028135 0.132568 0.178831 0.206641 -0.023810 0.010371 0.205408 0.183267 0.116384 0.398890 
1 0 0 
0.593887 0.059592 0.416759 0.436655 0.490000 0.407145 0.100953 0.374013 0.259429 0.263576 0.283882 0.275135 0.560865 
0 0 1 
0.334990 -0.089202 0.322107 0.235739 0.268089 0.259182 0.244261 -0.000956 0.380244 0.022910 0.122218 0.408972 0.240985 
0 1 0 
0.403315 0.235653 0.257887 0.271761 0.257643 0.340459 0.265420 0.034442 0.308141 -0.034179 0.299462 0.487429 0.023972 
0 1 0 
0.675755 0.459248 0.412136 0.525123 0.530622 0.304067 0.055524 0.361255 0.147592 0.290748 0.330331 0.383352 0.497715 
0 0 1 
0.825079 0.657421 0.512203 0.805795 0.666312 0.339058 0.131351 0.355258 0.438987 0.529296 0.378616 0.515419 0.560847 
0 0 1 
0.710976 0.556729 0.531016 0.725548 0.643465 0.651034 0.454635 0.321207 0.374758 0.606570 0.198559 0.405274 0.540528 
0 0 1 
0.293414 -0.069823 0.107531 0.214207 0.110701 0.191880 0.175687 0.020900 0.021712 0.120790 0.230941 0.447949 0.160900 
0 1 0 
0.508402 0.545291 0.425525 0.492809 0.423357 0.623076 0.724114 0.033125 0.719423 0.050534 0.264093 0.672674 0.223652 
0 1 0 
0.284284 -0.065519 0.263635 0.159268 0.227658 0.260894 0.289105 0.101476 0.275077 0.110798 0.257327 0.169660 0.324695 
0 1 0 
0.340996 -0.038256 0.229004 0.092545 0.265774 0.478777 0.462733 -0.056754 0.255291 0.263252 0.109085 0.282307 0.702273 
1 0 0 
0.234800 0.344310 0.129638 0.072854 0.180141 0.220811 0.230989 0.032279 0.123584 0.044043 0.046262 0.257675 0.149820 
1 0 0 
0.430053 -0.039756 0.241716 0.306362 0.364451 0.615082 0.548565 0.031032 0.309844 0.146942 0.261227 0.380766 0.462414 
0 1 0 
0.364009 0.002026 0.172078 0.073489 0.319731 0.422752 0.334783 -0.001127 0.248245 0.226890 0.126962 0.376624 0.447491 
1 0 0 
0.495674 0.375714 0.272550 0.402580 0.441782 0.326544 0.203188 0.164403 0.396987 -0.069222 0.372286 0.511586 0.417426 
0 1 0 
0.463742 0.212352 0.381087 0.440454 0.518502 0.567864 0.414614 0.122835 0.387508 0.078500 0.289181 0.593208 0.490285 
0 1 0 
0.174771 -0.086814 0.094209 -0.040569 0.119875 0.289598 0.401731 -0.002631 0.116662 0.318171 0.168804 0.112920 0.631433 
1 0 0 
0.301733 0.004327 0.188736 0.249959 0.276053 -0.045990 0.001158 0.107439 0.131255 0.003446 0.143175 0.075152 0.537427 
0 1 0 
0.217395 -0.051743 0.063788 -0.020803 0.085954 0.179056 0.138994 -0.036551 0.171319 0.040936 0.111252 0.342888 0.315823 
1 0 0 
0.581395 0.767866 0.350303 0.505940 0.451849 0.550121 0.613782 0.108798 0.448316 0.034523 0.249235 0.543448 0.221242 
0 1 0 
0.131202 -0.115912 0.029894 -0.051532 0.015075 0.020151 0.107211 -0.063130 0.026169 0.023946 0.124347 0.090222 0.363433 
1 0 0 
0.774034 0.500126 0.529169 0.698374 0.675459 0.419400 0.274611 0.248298 0.352601 0.900387 0.368003 0.520530 0.765240 
0 0 1 
0.039651 0.050608 0.145151 0.064209 0.130870 0.130869 0.135055 0.033856 0.070881 -0.043167 0.049722 0.088183 0.011294 
1 0 0 
0.372138 -0.011754 0.266537 0.447927 0.136086 0.271366 0.139479 0.170638 0.148864 -0.069303 0.256344 0.455151 0.369116 
0 1 0 
0.210014 -0.023026 0.111428 0.028806 0.145548 0.137381 0.212901 0.100304 0.176745 -0.016240 0.202196 0.187913 0.330824 
1 0 0 
0.307860 0.358865 0.173424 0.124801 0.236539 0.274205 0.239840 0.018314 0.026294 0.113643 0.072212 0.341128 0.446990 
1 0 0 
0.419730 0.126718 0.146027 0.278934 0.445180 0.336038 0.265992 0.049725 0.178543 0.060085 0.367050 0.430760 0.525964 
0 1 0 
0.821834 0.708101 0.691167 0.922068 0.883314 0.613500 0.499011 0.132198 0.445494 0.748355 0.343074 0.592103 0.709326 
0 0 1 
0.429179 0.299922 0.272127 0.292695 0.368411 0.497084 0.413074 0.206246 0.525951 -0.015581 0.430785 0.397669 0.178108 
0 1 0 
0.746678 0.452215 0.562889 0.707146 0.755804 0.339692 0.170281 0.250520 0.247646 0.469077 0.336571 0.580288 0.570727 
0 0 1 
0.492246 0.085060 0.310365 0.476443 0.368089 0.128580 0.202928 0.245714 0.247777 0.068207 0.207808 0.329882 0.296786 
0 1 0 
0.283392 0.054707 0.130721 0.134572 0.256834 0.093224 0.111462 0.088058 0.064078 0.066393 0.296855 0.165332 0.115028 
0 1 0 
0.166888 -0.048327 0.054902 -0.200037 0.067570 0.275761 0.336551 -0.033607 0.379745 0.217309 0.145376 0.138757 0.534783 
1 0 0 
0.107321 0.275304 0.147113 0.036682 0.094983 0.100818 0.133620 -0.056427 0.153795 0.012354 0.087836 0.274576 0.111879 
1 0 0 
0.339063 0.104215 0.303913 0.375239 0.219302 0.208144 0.156172 0.219214 0.139724 0.008714 0.223549 0.346048 0.423737 
0 1 0 
0.112520 -0.074155 0.055861 -0.074564 -0.018559 0.112397 0.169829 -0.036740 0.087987 0.070843 0.118101 0.110709 0.391490 
1 0 0 
0.104642 -0.140174 0.010860 -0.083852 0.026553 0.187768 0.232574 -0.099272 0.090349 0.184477 0.048699 0.239643 0.215097 
1 0 0 
0.199144 -0.066795 0.066141 -0.006748 0.131080 0.150894 0.218818 -0.007400 0.040061 -0.015374 0.194489 0.167358 0.377909 
1 0 0 
0.909172 0.870667 0.704147 0.956215 0.984284 0.659332 0.400228 0.400704 0.623374 0.935511 0.329929 0.556755 0.992923 
0 0 1 
0.648129 0.335628 0.560256 0.587924 0.603829 0.285606 0.068266 0.320748 0.108733 0.212791 0.307587 0.545983 0.527849 
0 0 1 
0.420435 0.013819 0.208903 0.217563 0.336355 0.376014 0.318122 0.071506 0.262996 0.026223 0.342860 0.370802 0.196196 
0 1 0 
0.525722 0.193428 0.367278 0.496740 0.451313 0.561061 0.620620 0.170113 0.274889 0.048693 0.337918 0.646903 0.223790 
0 1 0 
0.106543 -0.054415 0.048223 -0.075915 0.096243 0.361500 0.277837 -0.092145 0.157581 0.213622 -0.031884 0.196119 0.449711 
1 0 0 
0.160368 -0.048613 0.039484 0.005209 0.066757 0.116866 0.108539 -0.031118 0.010530 -0.018613 0.097571 0.146541 0.472684 
1 0 0 
0.470809 0.054203 0.262520 0.453213 0.421373 0.314198 0.191463 0.101907 0.290088 -0.022244 0.358045 0.567020 0.331370 
0 1 0 
0.193123 -0.044130 0.176468 0.071560 0.127718 0.159220 0.178181 -0.000449 0.055543 0.023947 0.165668 0.122803 0.435221 
1 0 0 
0.515917 0.191614 0.543005 0.762015 0.515628 0.429226 0.637864 0.350715 0.409712 0.069340 0.413564 0.504202 0.328369 
0 1 0 
0.146155 -0.091536 0.126055 0.070005 0.158977 0.207838 0.301806 0.062182 0.079574 0.158614 0.122204 0.056128 0.300383 
1 0 0 
0.823098 0.198664 0.613765 0.871529 0.717777 0.695897 0.585636 0.345615 0.758506 0.891506 0.202450 0.537470 0.698608 
0 0 1 
0.105488 -0.080963 0.042898 -0.121231 0.098022 0.239394 0.265462 -0.005980 0.110606 0.140174 0.056574 0.074391 0.439221 
1 0 0 
0.738051 0.721005 0.447256 0.576100 0.500795 0.132836 -0.004858 0.215612 0.094356 0.247548 0.192321 0.281148 0.343940 
0 0 1 
0.124924 -0.008198 0.021626 -0.015659 0.072967 0.184545 0.266587 -0.097793 0.224572 0.077604 0.156945 0.161888 0.495283 
1 0 0 
-0.871746 -0.400568 -0.728575 -0.646201 -0.612249 -0.588219 -0.397231 -0.545201 -0.441903 -0.386910 -0.556784 -0.649274 -0.442096 
1 0 0 
0.823590 0.390796 0.520580 0.781677 0.678757 0.363502 0.284449 0.254945 0.376597 0.792324 0.320241 0.485577 0.669799 
0 0 1 
0.680907 0.296594 0.466056 0.555878 0.551512 0.246354 0.069492 0.185596 0.074863 0.289322 0.263140 0.600436 0.736095 
0 0 1 
0.220194 -0.069739 0.200491 0.106986 0.321304 0.258851 0.224557 0.168165 0.025080 0.101901 0.213552 0.221325 0.512968 
1 0 0 
0.202554 -0.017990 0.209175 0.086620 0.149928 0.242812 0.253070 0.053252 0.114333 0.024128 0.201310 0.295104 0.233266 
1 0 0 
0.361616 -0.105800 0.221240 0.132902 0.310164 0.296722 0.049746 0.254381 -0.131030 0.009896 0.189017 0.094650 0.407336 
0 1 0 
0.694534 0.419373 0.593860 0.875544 0.705026 0.427843 0.156657 0.420890 0.260427 0.477727 0.266894 0.451526 0.911165 
0 0 1 
