306 3 1
30.000000 64.000000 1.000000 
0
30.000000 62.000000 3.000000 
0
30.000000 65.000000 0.000000 
0
31.000000 59.000000 2.000000 
0
31.000000 65.000000 4.000000 
0
33.000000 58.000000 10.000000 
0
33.000000 60.000000 0.000000 
0
34.000000 59.000000 0.000000 
1
34.000000 66.000000 9.000000 
1
34.000000 58.000000 30.000000 
0
34.000000 60.000000 1.000000 
0
34.000000 61.000000 10.000000 
0
34.000000 67.000000 7.000000 
0
34.000000 60.000000 0.000000 
0
35.000000 64.000000 13.000000 
0
35.000000 63.000000 0.000000 
0
36.000000 60.000000 1.000000 
0
36.000000 69.000000 0.000000 
0
37.000000 60.000000 0.000000 
0
37.000000 63.000000 0.000000 
0
37.000000 58.000000 0.000000 
0
37.000000 59.000000 6.000000 
0
37.000000 60.000000 15.000000 
0
37.000000 63.000000 0.000000 
0
38.000000 69.000000 21.000000 
1
38.000000 59.000000 2.000000 
0
38.000000 60.000000 0.000000 
0
38.000000 60.000000 0.000000 
0
38.000000 62.000000 3.000000 
0
38.000000 64.000000 1.000000 
0
38.000000 66.000000 0.000000 
0
38.000000 66.000000 11.000000 
0
38.000000 60.000000 1.000000 
0
38.000000 67.000000 5.000000 
0
39.000000 66.000000 0.000000 
1
39.000000 63.000000 0.000000 
0
39.000000 67.000000 0.000000 
0
39.000000 58.000000 0.000000 
0
39.000000 59.000000 2.000000 
0
39.000000 63.000000 4.000000 
0
40.000000 58.000000 2.000000 
0
40.000000 58.000000 0.000000 
0
40.000000 65.000000 0.000000 
0
41.000000 60.000000 23.000000 
1
41.000000 64.000000 0.000000 
1
41.000000 67.000000 0.000000 
1
41.000000 58.000000 0.000000 
0
41.000000 59.000000 8.000000 
0
41.000000 59.000000 0.000000 
0
41.000000 64.000000 0.000000 
0
41.000000 69.000000 8.000000 
0
41.000000 65.000000 0.000000 
0
41.000000 65.000000 0.000000 
0
42.000000 69.000000 1.000000 
1
42.000000 59.000000 0.000000 
1
42.000000 58.000000 0.000000 
0
42.000000 60.000000 1.000000 
0
42.000000 59.000000 2.000000 
0
42.000000 61.000000 4.000000 
0
42.000000 62.000000 20.000000 
0
42.000000 65.000000 0.000000 
0
42.000000 63.000000 1.000000 
0
43.000000 58.000000 52.000000 
1
43.000000 59.000000 2.000000 
1
43.000000 64.000000 0.000000 
1
43.000000 64.000000 0.000000 
1
43.000000 63.000000 14.000000 
0
43.000000 64.000000 2.000000 
0
43.000000 64.000000 3.000000 
0
43.000000 60.000000 0.000000 
0
43.000000 63.000000 2.000000 
0
43.000000 65.000000 0.000000 
0
43.000000 66.000000 4.000000 
0
44.000000 64.000000 6.000000 
1
44.000000 58.000000 9.000000 
1
44.000000 63.000000 19.000000 
1
44.000000 61.000000 0.000000 
0
44.000000 63.000000 1.000000 
0
44.000000 61.000000 0.000000 
0
44.000000 67.000000 16.000000 
0
45.000000 65.000000 6.000000 
1
45.000000 66.000000 0.000000 
1
45.000000 67.000000 1.000000 
1
45.000000 60.000000 0.000000 
0
45.000000 67.000000 0.000000 
0
45.000000 59.000000 14.000000 
0
45.000000 64.000000 0.000000 
0
45.000000 68.000000 0.000000 
0
45.000000 67.000000 1.000000 
0
46.000000 58.000000 2.000000 
1
46.000000 69.000000 3.000000 
1
46.000000 62.000000 5.000000 
1
46.000000 65.000000 20.000000 
1
46.000000 62.000000 0.000000 
0
46.000000 58.000000 3.000000 
0
46.000000 63.000000 0.000000 
0
47.000000 63.000000 23.000000 
1
47.000000 62.000000 0.000000 
1
47.000000 65.000000 0.000000 
1
47.000000 61.000000 0.000000 
0
47.000000 63.000000 6.000000 
0
47.000000 66.000000 0.000000 
0
47.000000 67.000000 0.000000 
0
47.000000 58.000000 3.000000 
0
47.000000 60.000000 4.000000 
0
47.000000 68.000000 4.000000 
0
47.000000 66.000000 12.000000 
0
48.000000 58.000000 11.000000 
1
48.000000 58.000000 11.000000 
1
48.000000 67.000000 7.000000 
1
48.000000 61.000000 8.000000 
0
48.000000 62.000000 2.000000 
0
48.000000 64.000000 0.000000 
0
48.000000 66.000000 0.000000 
0
49.000000 63.000000 0.000000 
1
49.000000 64.000000 10.000000 
1
49.000000 61.000000 1.000000 
0
49.000000 62.000000 0.000000 
0
49.000000 66.000000 0.000000 
0
49.000000 60.000000 1.000000 
0
49.000000 62.000000 1.000000 
0
49.000000 63.000000 3.000000 
0
49.000000 61.000000 0.000000 
0
49.000000 67.000000 1.000000 
0
50.000000 63.000000 13.000000 
1
50.000000 64.000000 0.000000 
1
50.000000 59.000000 0.000000 
0
50.000000 61.000000 6.000000 
0
50.000000 61.000000 0.000000 
0
50.000000 63.000000 1.000000 
0
50.000000 58.000000 1.000000 
0
50.000000 59.000000 2.000000 
0
50.000000 61.000000 0.000000 
0
50.000000 64.000000 0.000000 
0
50.000000 65.000000 4.000000 
0
50.000000 66.000000 1.000000 
0
51.000000 59.000000 13.000000 
1
51.000000 59.000000 3.000000 
1
51.000000 64.000000 7.000000 
0
51.000000 59.000000 1.000000 
0
51.000000 65.000000 0.000000 
0
51.000000 66.000000 1.000000 
0
52.000000 69.000000 3.000000 
1
52.000000 59.000000 2.000000 
1
52.000000 62.000000 3.000000 
1
52.000000 66.000000 4.000000 
1
52.000000 61.000000 0.000000 
0
52.000000 63.000000 4.000000 
0
52.000000 69.000000 0.000000 
0
52.000000 60.000000 4.000000 
0
52.000000 60.000000 5.000000 
0
52.000000 62.000000 0.000000 
0
52.000000 62.000000 1.000000 
0
52.000000 64.000000 0.000000 
0
52.000000 65.000000 0.000000 
0
52.000000 68.000000 0.000000 
0
53.000000 58.000000 4.000000 
1
53.000000 65.000000 1.000000 
1
53.000000 59.000000 3.000000 
1
53.000000 60.000000 9.000000 
1
53.000000 63.000000 24.000000 
1
53.000000 65.000000 12.000000 
1
53.000000 58.000000 1.000000 
0
53.000000 60.000000 1.000000 
0
53.000000 60.000000 2.000000 
0
53.000000 61.000000 1.000000 
0
53.000000 63.000000 0.000000 
0
54.000000 60.000000 11.000000 
1
54.000000 65.000000 23.000000 
1
54.000000 65.000000 5.000000 
1
54.000000 68.000000 7.000000 
1
54.000000 59.000000 7.000000 
0
54.000000 60.000000 3.000000 
0
54.000000 66.000000 0.000000 
0
54.000000 67.000000 46.000000 
0
54.000000 62.000000 0.000000 
0
54.000000 69.000000 7.000000 
0
54.000000 63.000000 19.000000 
0
54.000000 58.000000 1.000000 
0
54.000000 62.000000 0.000000 
0
55.000000 63.000000 6.000000 
1
55.000000 68.000000 15.000000 
1
55.000000 58.000000 1.000000 
0
55.000000 58.000000 0.000000 
0
55.000000 58.000000 1.000000 
0
55.000000 66.000000 18.000000 
0
55.000000 66.000000 0.000000 
0
55.000000 69.000000 3.000000 
0
55.000000 69.000000 22.000000 
0
55.000000 67.000000 1.000000 
0
56.000000 65.000000 9.000000 
1
56.000000 66.000000 3.000000 
1
56.000000 60.000000 0.000000 
0
56.000000 66.000000 2.000000 
0
56.000000 66.000000 1.000000 
0
56.000000 67.000000 0.000000 
0
56.000000 60.000000 0.000000 
0
57.000000 61.000000 5.000000 
1
57.000000 62.000000 14.000000 
1
57.000000 64.000000 1.000000 
1
57.000000 64.000000 9.000000 
0
57.000000 69.000000 0.000000 
0
57.000000 61.000000 0.000000 
0
57.000000 62.000000 0.000000 
0
57.000000 63.000000 0.000000 
0
57.000000 64.000000 0.000000 
0
57.000000 64.000000 0.000000 
0
57.000000 67.000000 0.000000 
0
58.000000 59.000000 0.000000 
0
58.000000 60.000000 3.000000 
0
58.000000 61.000000 1.000000 
0
58.000000 67.000000 0.000000 
0
58.000000 58.000000 0.000000 
0
58.000000 58.000000 3.000000 
0
58.000000 61.000000 2.000000 
0
59.000000 62.000000 35.000000 
1
59.000000 60.000000 0.000000 
0
59.000000 63.000000 0.000000 
0
59.000000 64.000000 1.000000 
0
59.000000 64.000000 4.000000 
0
59.000000 64.000000 0.000000 
0
59.000000 64.000000 7.000000 
0
59.000000 67.000000 3.000000 
0
60.000000 59.000000 17.000000 
1
60.000000 65.000000 0.000000 
1
60.000000 61.000000 1.000000 
0
60.000000 67.000000 2.000000 
0
60.000000 61.000000 25.000000 
0
60.000000 64.000000 0.000000 
0
61.000000 62.000000 5.000000 
1
61.000000 65.000000 0.000000 
1
61.000000 68.000000 1.000000 
1
61.000000 59.000000 0.000000 
0
61.000000 59.000000 0.000000 
0
61.000000 64.000000 0.000000 
0
61.000000 65.000000 8.000000 
0
61.000000 68.000000 0.000000 
0
61.000000 59.000000 0.000000 
0
62.000000 59.000000 13.000000 
1
62.000000 58.000000 0.000000 
1
62.000000 65.000000 19.000000 
1
62.000000 62.000000 6.000000 
0
62.000000 66.000000 0.000000 
0
62.000000 66.000000 0.000000 
0
62.000000 58.000000 0.000000 
0
63.000000 60.000000 1.000000 
1
63.000000 61.000000 0.000000 
0
63.000000 62.000000 0.000000 
0
63.000000 63.000000 0.000000 
0
63.000000 63.000000 0.000000 
0
63.000000 66.000000 0.000000 
0
63.000000 61.000000 9.000000 
0
63.000000 61.000000 28.000000 
0
64.000000 58.000000 0.000000 
0
64.000000 65.000000 22.000000 
0
64.000000 66.000000 0.000000 
0
64.000000 61.000000 0.000000 
0
64.000000 68.000000 0.000000 
0
65.000000 58.000000 0.000000 
1
65.000000 61.000000 2.000000 
1
65.000000 62.000000 22.000000 
1
65.000000 66.000000 15.000000 
1
65.000000 58.000000 0.000000 
0
65.000000 64.000000 0.000000 
0
65.000000 67.000000 0.000000 
0
65.000000 59.000000 2.000000 
0
65.000000 64.000000 0.000000 
0
65.000000 67.000000 1.000000 
0
66.000000 58.000000 0.000000 
1
66.000000 61.000000 13.000000 
1
66.000000 58.000000 0.000000 
0
66.000000 58.000000 1.000000 
0
66.000000 68.000000 0.000000 
0
67.000000 64.000000 8.000000 
1
67.000000 63.000000 1.000000 
1
67.000000 66.000000 0.000000 
0
67.000000 66.000000 0.000000 
0
67.000000 61.000000 0.000000 
0
67.000000 65.000000 0.000000 
0
68.000000 67.000000 0.000000 
0
68.000000 68.000000 0.000000 
0
69.000000 67.000000 8.000000 
1
69.000000 60.000000 0.000000 
0
69.000000 65.000000 0.000000 
0
69.000000 66.000000 0.000000 
0
70.000000 58.000000 0.000000 
1
70.000000 58.000000 4.000000 
1
70.000000 66.000000 14.000000 
0
70.000000 67.000000 0.000000 
0
70.000000 68.000000 0.000000 
0
70.000000 59.000000 8.000000 
0
70.000000 63.000000 0.000000 
0
71.000000 68.000000 2.000000 
0
72.000000 63.000000 0.000000 
1
72.000000 58.000000 0.000000 
0
72.000000 64.000000 0.000000 
0
72.000000 67.000000 3.000000 
0
73.000000 62.000000 0.000000 
0
73.000000 68.000000 0.000000 
0
74.000000 65.000000 3.000000 
1
74.000000 63.000000 0.000000 
0
75.000000 62.000000 1.000000 
0
76.000000 67.000000 0.000000 
0
77.000000 65.000000 3.000000 
0
78.000000 65.000000 1.000000 
1
83.000000 58.000000 2.000000 
1
